,dt,open,close,high,low,vol,turnover,ts
0,2024-08-14 21:31:00,118.53,118.22,119.46,116.3,27374152,3231567360.0,1723642260
1,2024-08-14 21:32:00,118.15,118.23,118.365,118.15,2503136,295724032.0,1723642320
2,2024-08-14 21:33:00,118.17,117.61,118.17,117.58,2701262,318234880.0,1723642380
3,2024-08-14 21:34:00,117.54,117.17,117.54,117.17,2671774,313561344.0,1723642440
4,2024-08-14 21:35:00,117.311,116.71,117.311,116.71,2940788,343971328.0,1723642500
5,2024-08-14 21:36:00,116.55,116.96,117.02,116.55,3510576,409947136.0,1723642560
6,2024-08-14 21:37:00,116.968,117.47,117.47,116.968,2488332,291465728.0,1723642620
7,2024-08-14 21:38:00,117.25,117.1,117.32,117.1,1680184,196899328.0,1723642680
8,2024-08-14 21:39:00,117.07,117.01,117.26,116.95,1910788,223685632.0,1723642740
9,2024-08-14 21:40:00,117.11,117.04,117.19,117.04,1353824,158496768.0,1723642800
10,2024-08-14 21:41:00,116.97,116.77,117.16,116.77,1628816,190371840.0,1723642860
11,2024-08-14 21:42:00,116.68,116.01,116.68,116.01,2430320,282603520.0,1723642920
12,2024-08-14 21:43:00,115.94,115.59,115.94,115.54,3407460,394709504.0,1723642980
13,2024-08-14 21:44:00,115.846,115.05,115.846,115.05,3154180,363631104.0,1723643040
14,2024-08-14 21:45:00,114.974,114.53,114.974,114.3,4065824,465326592.0,1723643100
15,2024-08-14 21:46:00,114.626,114.966,114.966,114.52,2739020,313657856.0,1723643160
16,2024-08-14 21:47:00,115.12,115.68,115.68,115.12,2990116,345064448.0,1723643220
17,2024-08-14 21:48:00,115.77,115.94,116.005,115.635,2577392,298552832.0,1723643280
18,2024-08-14 21:49:00,115.918,115.75,115.93,115.635,1650256,191114240.0,1723643340
19,2024-08-14 21:50:00,115.75,115.121,115.75,115.11,1660080,191167488.0,1723643400
20,2024-08-14 21:51:00,115.33,115.171,115.47,115.171,1339160,154219520.0,1723643460
21,2024-08-14 21:52:00,115.36,114.905,115.36,114.86,1439584,165369856.0,1723643520
22,2024-08-14 21:53:00,115.1,115.113,115.113,114.825,1652776,189556736.0,1723643580
23,2024-08-14 21:54:00,115.345,115.18,115.345,114.985,1185560,136223744.0,1723643640
24,2024-08-14 21:55:00,115.384,114.71,115.384,114.71,1554448,178483200.0,1723643700
25,2024-08-14 21:56:00,114.68,114.35,114.755,114.35,1929712,220775424.0,1723643760
26,2024-08-14 21:57:00,114.52,114.445,114.52,114.218,2212088,252646400.0,1723643820
27,2024-08-14 21:58:00,114.29,114.37,114.37,114.12,1718264,195938304.0,1723643880
28,2024-08-14 21:59:00,114.57,114.27,114.72,114.27,1482664,169546752.0,1723643940
29,2024-08-14 22:00:00,114.554,115.0,115.03,114.554,1587264,181813248.0,1723644000
30,2024-08-14 22:01:00,114.78,115.15,115.15,114.756,1599104,183360512.0,1723644060
31,2024-08-14 22:02:00,115.34,115.45,115.45,115.29,1602440,184688640.0,1723644120
32,2024-08-14 22:03:00,115.25,115.494,115.494,115.25,1110848,128002048.0,1723644180
33,2024-08-14 22:04:00,115.42,115.281,115.42,115.259,831136,95755264.0,1723644240
34,2024-08-14 22:05:00,115.32,115.84,115.84,115.32,1418784,163800064.0,1723644300
35,2024-08-14 22:06:00,115.74,115.85,115.85,115.7,1359736,157132800.0,1723644360
36,2024-08-14 22:07:00,115.83,115.59,115.96,115.453,1573048,181821440.0,1723644420
37,2024-08-14 22:08:00,115.445,115.63,115.77,115.445,924976,106727424.0,1723644480
38,2024-08-14 22:09:00,115.94,115.748,115.94,115.6,992744,114738176.0,1723644540
39,2024-08-14 22:10:00,115.501,115.5,115.54,115.458,987864,113980416.0,1723644600
40,2024-08-14 22:11:00,115.08,115.16,115.21,115.08,1151104,132299776.0,1723644660
41,2024-08-14 22:12:00,114.85,114.65,114.85,114.58,1661280,190308352.0,1723644720
42,2024-08-14 22:13:00,114.85,114.68,114.869,114.68,1005024,115161088.0,1723644780
43,2024-08-14 22:14:00,114.78,114.7,114.78,114.63,738176,84515840.0,1723644840
44,2024-08-14 22:15:00,114.8,114.97,115.059,114.65,965648,110664704.0,1723644900
45,2024-08-14 22:16:00,114.88,114.89,115.073,114.81,819480,93947904.0,1723644960
46,2024-08-14 22:17:00,114.99,115.1,115.166,114.871,980096,112482304.0,1723645020
47,2024-08-14 22:18:00,114.895,115.31,115.31,114.895,858592,98638848.0,1723645080
48,2024-08-14 22:19:00,115.27,115.35,115.47,115.27,898856,103584768.0,1723645140
49,2024-08-14 22:20:00,115.31,115.345,115.365,115.18,845152,97290240.0,1723645200
50,2024-08-14 22:21:00,115.62,115.525,115.62,115.525,1093952,126280704.0,1723645260
51,2024-08-14 22:22:00,115.69,115.71,115.71,115.55,869624,100371456.0,1723645320
52,2024-08-14 22:23:00,115.679,115.53,115.679,115.381,819304,94557184.0,1723645380
53,2024-08-14 22:24:00,115.595,115.795,115.795,115.57,838424,96861184.0,1723645440
54,2024-08-14 22:25:00,115.86,115.98,115.98,115.74,1004696,116263936.0,1723645500
55,2024-08-14 22:26:00,115.7,115.754,115.83,115.7,1102320,127555584.0,1723645560
56,2024-08-14 22:27:00,115.48,115.355,115.48,115.34,1138224,131254272.0,1723645620
57,2024-08-14 22:28:00,115.22,115.6,115.63,115.22,825224,95129600.0,1723645680
58,2024-08-14 22:29:00,115.59,115.589,115.6,115.481,583680,67319808.0,1723645740
59,2024-08-14 22:30:00,115.658,115.78,115.83,115.62,649424,75070464.0,1723645800
60,2024-08-14 22:31:00,115.85,115.93,115.97,115.82,875640,101342208.0,1723645860
61,2024-08-14 22:32:00,115.8,115.63,115.8,115.58,823216,95094784.0,1723645920
62,2024-08-14 22:33:00,115.502,115.25,115.658,115.25,1184816,136664064.0,1723645980
63,2024-08-14 22:34:00,115.389,115.0,115.389,115.0,1207520,138635264.0,1723646040
64,2024-08-14 22:35:00,114.92,114.8,114.92,114.77,1146328,131230720.0,1723646100
65,2024-08-14 22:36:00,114.84,114.98,114.98,114.83,989256,113206272.0,1723646160
66,2024-08-14 22:37:00,115.305,115.15,115.305,115.14,982904,112950272.0,1723646220
67,2024-08-14 22:38:00,115.33,115.325,115.435,115.325,826800,95164416.0,1723646280
68,2024-08-14 22:39:00,115.294,115.4,115.4,115.24,605048,69493760.0,1723646340
69,2024-08-14 22:40:00,115.28,115.51,115.51,115.2,623840,71647232.0,1723646400
70,2024-08-14 22:41:00,115.525,115.82,115.82,115.5,928504,107087872.0,1723646460
71,2024-08-14 22:42:00,115.771,115.693,115.771,115.693,752528,86834176.0,1723646520
72,2024-08-14 22:43:00,115.75,115.6,115.75,115.6,539544,62129152.0,1723646580
73,2024-08-14 22:44:00,115.63,115.66,115.66,115.49,632640,72920064.0,1723646640
74,2024-08-14 22:45:00,115.63,115.65,115.67,115.58,600448,69259264.0,1723646700
75,2024-08-14 22:46:00,115.744,115.78,115.905,115.63,1094240,126432256.0,1723646760
76,2024-08-14 22:47:00,115.7,115.74,115.77,115.7,390928,45090816.0,1723646820
77,2024-08-14 22:48:00,115.914,116.34,116.34,115.914,1765568,204685312.0,1723646880
78,2024-08-14 22:49:00,116.24,116.39,116.39,116.24,1124704,130457600.0,1723646940
79,2024-08-14 22:50:00,116.71,116.829,116.83,116.71,1987584,231387136.0,1723647000
80,2024-08-14 22:51:00,116.79,116.71,116.95,116.71,1901088,221516800.0,1723647060
81,2024-08-14 22:52:00,116.62,116.505,116.715,116.505,982320,114250752.0,1723647120
82,2024-08-14 22:53:00,116.549,116.805,116.805,116.52,1035472,120415232.0,1723647180
83,2024-08-14 22:54:00,116.88,116.97,116.98,116.863,1377312,160605184.0,1723647240
84,2024-08-14 22:55:00,116.995,116.915,117.07,116.915,1212864,141669376.0,1723647300
85,2024-08-14 22:56:00,116.888,117.01,117.09,116.888,1062784,124540928.0,1723647360
86,2024-08-14 22:57:00,117.04,116.931,117.069,116.921,996672,116715520.0,1723647420
87,2024-08-14 22:58:00,116.885,116.851,116.895,116.84,851040,99610624.0,1723647480
88,2024-08-14 22:59:00,116.871,116.99,116.99,116.871,785520,91934720.0,1723647540
89,2024-08-14 23:00:00,116.985,117.045,117.14,116.985,936576,109705216.0,1723647600
90,2024-08-14 23:01:00,117.23,117.239,117.239,117.13,1002960,117587968.0,1723647660
91,2024-08-14 23:02:00,117.26,117.185,117.26,117.151,880320,103192576.0,1723647720
92,2024-08-14 23:03:00,117.15,117.16,117.165,117.05,909920,106524672.0,1723647780
93,2024-08-14 23:04:00,117.151,117.25,117.25,117.151,814864,95447040.0,1723647840
94,2024-08-14 23:05:00,117.201,117.23,117.335,117.201,848592,99526656.0,1723647900
95,2024-08-14 23:06:00,117.225,117.065,117.225,117.065,695680,81424384.0,1723647960
96,2024-08-14 23:07:00,117.015,116.92,117.015,116.801,1257968,147265536.0,1723648020
97,2024-08-14 23:08:00,116.86,116.71,116.9,116.71,867472,101412864.0,1723648080
98,2024-08-14 23:09:00,116.85,116.74,116.85,116.63,836880,97718272.0,1723648140
99,2024-08-14 23:10:00,116.753,116.781,116.88,116.753,779280,91113472.0,1723648200
100,2024-08-14 23:11:00,116.89,116.995,116.995,116.82,787680,92129280.0,1723648260
101,2024-08-14 23:12:00,117.1,117.056,117.15,117.056,645936,75550720.0,1723648320
102,2024-08-14 23:13:00,117.07,116.985,117.15,116.985,669488,78272512.0,1723648380
103,2024-08-14 23:14:00,117.025,117.185,117.185,117.025,634944,74321920.0,1723648440
104,2024-08-14 23:15:00,117.22,117.2,117.22,117.07,678912,79411200.0,1723648500
105,2024-08-14 23:16:00,117.23,117.151,117.23,117.095,632848,74063872.0,1723648560
106,2024-08-14 23:17:00,117.09,117.031,117.111,117.025,547568,64016384.0,1723648620
107,2024-08-14 23:18:00,117.1,116.901,117.1,116.901,611776,71559168.0,1723648680
108,2024-08-14 23:19:00,116.94,116.919,116.98,116.89,480816,56154112.0,1723648740
109,2024-08-14 23:20:00,116.945,116.905,116.99,116.84,457712,53493760.0,1723648800
110,2024-08-14 23:21:00,116.925,116.97,116.999,116.925,474160,55386112.0,1723648860
111,2024-08-14 23:22:00,116.969,116.94,116.97,116.94,412608,48228352.0,1723648920
112,2024-08-14 23:23:00,116.89,116.686,116.89,116.686,892992,104241152.0,1723648980
113,2024-08-14 23:24:00,116.68,116.81,116.81,116.68,716336,83492864.0,1723649040
114,2024-08-14 23:25:00,116.835,116.855,116.908,116.825,442416,51537920.0,1723649100
115,2024-08-14 23:26:00,116.96,116.99,117.041,116.94,590528,69074944.0,1723649160
116,2024-08-14 23:27:00,117.03,117.02,117.035,116.945,564816,66056192.0,1723649220
117,2024-08-14 23:28:00,117.044,117.02,117.044,116.98,432992,50618368.0,1723649280
118,2024-08-14 23:29:00,116.99,117.171,117.171,116.99,598096,69971968.0,1723649340
119,2024-08-14 23:30:00,117.115,117.18,117.18,117.07,444896,51900416.0,1723649400
120,2024-08-14 23:31:00,117.26,117.28,117.36,117.251,1060336,124377088.0,1723649460
121,2024-08-14 23:32:00,117.39,117.43,117.435,117.362,897952,105381888.0,1723649520
122,2024-08-14 23:33:00,117.51,117.565,117.565,117.485,1066128,125208576.0,1723649580
123,2024-08-14 23:34:00,117.535,117.619,117.619,117.522,832128,97683456.0,1723649640
124,2024-08-14 23:35:00,117.671,117.69,117.69,117.595,956336,112504832.0,1723649700
125,2024-08-14 23:36:00,117.625,117.58,117.668,117.58,640256,75237376.0,1723649760
126,2024-08-14 23:37:00,117.6,117.729,117.75,117.6,814032,95709184.0,1723649820
127,2024-08-14 23:38:00,117.685,117.565,117.73,117.565,770672,90640384.0,1723649880
128,2024-08-14 23:39:00,117.6,117.66,117.66,117.581,816288,95946752.0,1723649940
129,2024-08-14 23:40:00,117.725,117.84,117.84,117.725,834576,98349056.0,1723650000
130,2024-08-14 23:41:00,117.78,117.865,117.88,117.78,867584,102434816.0,1723650060
131,2024-08-14 23:42:00,117.934,117.851,117.95,117.851,842336,99489792.0,1723650120
132,2024-08-14 23:43:00,117.871,117.79,117.931,117.79,747984,88373248.0,1723650180
133,2024-08-14 23:44:00,117.79,117.735,117.79,117.72,708400,83343360.0,1723650240
134,2024-08-14 23:45:00,117.75,117.56,117.77,117.56,744000,87478272.0,1723650300
135,2024-08-14 23:46:00,117.595,117.677,117.731,117.595,511600,60121088.0,1723650360
136,2024-08-14 23:47:00,117.7,117.785,117.825,117.7,502496,59246592.0,1723650420
137,2024-08-14 23:48:00,117.81,117.917,117.935,117.81,632592,74692608.0,1723650480
138,2024-08-14 23:49:00,117.82,117.91,117.945,117.82,487648,57583616.0,1723650540
139,2024-08-14 23:50:00,117.882,117.885,117.915,117.87,391696,46200832.0,1723650600
140,2024-08-14 23:51:00,117.87,117.899,117.915,117.831,483856,57188352.0,1723650660
141,2024-08-14 23:52:00,117.931,117.996,118.0,117.931,1393488,164825088.0,1723650720
142,2024-08-14 23:53:00,118.01,117.94,118.01,117.92,493376,58413056.0,1723650780
143,2024-08-14 23:54:00,117.965,117.88,117.991,117.861,578080,68399104.0,1723650840
144,2024-08-14 23:55:00,117.91,117.915,117.925,117.905,229856,27203584.0,1723650900
145,2024-08-14 23:56:00,117.965,118.015,118.015,117.93,534688,63272960.0,1723650960
146,2024-08-14 23:57:00,118.16,118.24,118.24,118.16,1135520,134471680.0,1723651020
147,2024-08-14 23:58:00,118.24,118.21,118.24,118.186,566752,67158016.0,1723651080
148,2024-08-14 23:59:00,118.235,118.41,118.41,118.235,1146336,135942144.0,1723651140
149,2024-08-15 00:00:00,118.41,118.345,118.41,118.321,903632,107159552.0,1723651200
150,2024-08-15 00:01:00,118.338,118.29,118.338,118.275,450672,53413888.0,1723651260
151,2024-08-15 00:02:00,118.28,118.33,118.345,118.28,487376,57794560.0,1723651320
152,2024-08-15 00:03:00,118.405,118.425,118.425,118.307,727856,86315008.0,1723651380
153,2024-08-15 00:04:00,118.42,118.27,118.42,118.257,914736,108453888.0,1723651440
154,2024-08-15 00:05:00,118.29,118.31,118.348,118.265,412400,48877568.0,1723651500
155,2024-08-15 00:06:00,118.305,118.26,118.305,118.246,480304,56901632.0,1723651560
156,2024-08-15 00:07:00,118.245,118.28,118.345,118.24,643440,76226560.0,1723651620
157,2024-08-15 00:08:00,118.265,118.29,118.305,118.26,571056,67635200.0,1723651680
158,2024-08-15 00:09:00,118.34,118.12,118.34,118.12,593344,70264832.0,1723651740
159,2024-08-15 00:10:00,118.04,117.955,118.16,117.955,828640,98076672.0,1723651800
160,2024-08-15 00:11:00,117.98,117.95,117.98,117.73,1106384,130697216.0,1723651860
161,2024-08-15 00:12:00,117.947,117.995,118.0,117.925,407696,48234496.0,1723651920
162,2024-08-15 00:13:00,117.955,118.07,118.08,117.955,697920,82634752.0,1723651980
163,2024-08-15 00:14:00,118.0,117.935,118.012,117.934,470880,55681024.0,1723652040
164,2024-08-15 00:15:00,117.88,117.731,117.88,117.661,935488,110342144.0,1723652100
165,2024-08-15 00:16:00,117.72,117.57,117.763,117.57,874160,102991872.0,1723652160
166,2024-08-15 00:17:00,117.511,117.375,117.511,117.315,1044816,122845184.0,1723652220
167,2024-08-15 00:18:00,117.289,117.355,117.395,117.289,850192,99909632.0,1723652280
168,2024-08-15 00:19:00,117.18,117.35,117.36,117.18,1026192,120514560.0,1723652340
169,2024-08-15 00:20:00,117.351,117.457,117.457,117.351,726928,85508096.0,1723652400
170,2024-08-15 00:21:00,117.455,117.63,117.64,117.455,705264,82956288.0,1723652460
171,2024-08-15 00:22:00,117.615,117.518,117.63,117.518,636224,74803200.0,1723652520
172,2024-08-15 00:23:00,117.537,117.38,117.537,117.351,632112,74340352.0,1723652580
173,2024-08-15 00:24:00,117.332,116.91,117.359,116.91,1114560,130772992.0,1723652640
174,2024-08-15 00:25:00,116.9,116.83,116.9,116.763,1440720,168726528.0,1723652700
175,2024-08-15 00:26:00,116.88,116.56,116.88,116.56,953232,111566848.0,1723652760
176,2024-08-15 00:27:00,116.71,116.97,116.97,116.7,1187968,138969088.0,1723652820
177,2024-08-15 00:28:00,117.07,117.07,117.095,117.03,763712,89534464.0,1723652880
178,2024-08-15 00:29:00,117.072,117.1,117.185,117.06,793232,92946432.0,1723652940
179,2024-08-15 00:30:00,117.151,117.08,117.18,117.08,589264,69144576.0,1723653000
180,2024-08-15 00:31:00,117.196,117.165,117.196,117.09,664096,77852672.0,1723653060
181,2024-08-15 00:32:00,117.18,117.13,117.18,117.09,632544,74170368.0,1723653120
182,2024-08-15 00:33:00,117.108,117.33,117.4,117.108,759776,89208832.0,1723653180
183,2024-08-15 00:34:00,117.28,117.27,117.28,117.196,451824,53039104.0,1723653240
184,2024-08-15 00:35:00,117.3,117.11,117.3,117.11,527648,61898752.0,1723653300
185,2024-08-15 00:36:00,117.22,117.03,117.22,117.009,708192,83036160.0,1723653360
186,2024-08-15 00:37:00,117.034,117.11,117.11,117.034,410352,48068608.0,1723653420
187,2024-08-15 00:38:00,117.09,117.07,117.09,117.04,451056,52873216.0,1723653480
188,2024-08-15 00:39:00,117.03,116.829,117.07,116.815,568944,66570240.0,1723653540
189,2024-08-15 00:40:00,116.89,116.9,116.972,116.881,531408,62222336.0,1723653600
190,2024-08-15 00:41:00,117.009,117.14,117.14,116.975,666464,78077952.0,1723653660
191,2024-08-15 00:42:00,117.161,117.19,117.21,117.13,548784,64358400.0,1723653720
192,2024-08-15 00:43:00,117.16,117.16,117.21,117.122,472448,55447552.0,1723653780
193,2024-08-15 00:44:00,117.12,116.93,117.12,116.93,530576,62205952.0,1723653840
194,2024-08-15 00:45:00,116.85,116.34,116.85,116.34,1493744,174385152.0,1723653900
195,2024-08-15 00:46:00,116.305,116.502,116.502,116.292,1056000,123068416.0,1723653960
196,2024-08-15 00:47:00,116.53,116.58,116.62,116.53,497200,58028032.0,1723654020
197,2024-08-15 00:48:00,116.59,116.55,116.59,116.51,435600,50800640.0,1723654080
198,2024-08-15 00:49:00,116.589,116.55,116.59,116.5,503552,58750976.0,1723654140
199,2024-08-15 00:50:00,116.515,116.48,116.54,116.48,262320,30593024.0,1723654200
200,2024-08-15 00:51:00,116.52,116.67,116.695,116.52,635552,74274816.0,1723654260
201,2024-08-15 00:52:00,116.713,116.851,116.9,116.713,769552,90066944.0,1723654320
202,2024-08-15 00:53:00,116.86,116.791,116.86,116.71,388832,45494272.0,1723654380
203,2024-08-15 00:54:00,116.825,116.785,116.825,116.765,245168,28682240.0,1723654440
204,2024-08-15 00:55:00,116.8,116.89,116.969,116.8,507200,59394048.0,1723654500
205,2024-08-15 00:56:00,116.81,116.76,116.81,116.745,413072,48340992.0,1723654560
206,2024-08-15 00:57:00,116.703,116.506,116.705,116.506,620528,72521728.0,1723654620
207,2024-08-15 00:58:00,116.47,116.481,116.61,116.47,498352,58118144.0,1723654680
208,2024-08-15 00:59:00,116.506,116.66,116.685,116.506,517312,60403712.0,1723654740
209,2024-08-15 01:00:00,116.65,116.72,116.72,116.615,429344,50173952.0,1723654800
210,2024-08-15 01:01:00,116.64,116.711,116.75,116.56,517360,60444672.0,1723654860
211,2024-08-15 01:02:00,116.74,116.73,116.756,116.73,221152,25847808.0,1723654920
212,2024-08-15 01:03:00,116.768,116.88,116.93,116.768,447376,52363264.0,1723654980
213,2024-08-15 01:04:00,116.91,116.821,116.925,116.821,380928,44574720.0,1723655040
214,2024-08-15 01:05:00,116.885,116.891,116.891,116.84,217024,25432064.0,1723655100
215,2024-08-15 01:06:00,116.89,117.11,117.11,116.89,709248,83097600.0,1723655160
216,2024-08-15 01:07:00,117.31,117.44,117.44,117.31,907280,106565632.0,1723655220
217,2024-08-15 01:08:00,117.42,117.42,117.42,117.395,557888,65589248.0,1723655280
218,2024-08-15 01:09:00,117.44,117.405,117.465,117.35,738448,86738944.0,1723655340
219,2024-08-15 01:10:00,117.39,117.541,117.55,117.39,562832,66170880.0,1723655400
220,2024-08-15 01:11:00,117.57,117.14,117.57,117.14,956464,112388096.0,1723655460
221,2024-08-15 01:12:00,117.03,117.23,117.23,117.03,577840,67815424.0,1723655520
222,2024-08-15 01:13:00,117.199,117.17,117.295,117.17,1031392,120952832.0,1723655580
223,2024-08-15 01:14:00,117.11,117.125,117.18,117.11,289904,33996800.0,1723655640
224,2024-08-15 01:15:00,117.205,117.24,117.24,117.15,222944,26109952.0,1723655700
225,2024-08-15 01:16:00,117.21,117.175,117.22,117.165,400112,46934016.0,1723655760
226,2024-08-15 01:17:00,117.23,117.281,117.281,117.23,377856,44425216.0,1723655820
227,2024-08-15 01:18:00,117.3,117.24,117.3,117.23,289376,33964032.0,1723655880
228,2024-08-15 01:19:00,117.15,117.051,117.15,116.98,641088,75112448.0,1723655940
229,2024-08-15 01:20:00,117.088,117.14,117.223,117.088,430976,50534400.0,1723656000
230,2024-08-15 01:21:00,117.18,117.14,117.18,117.05,352848,41388032.0,1723656060
231,2024-08-15 01:22:00,117.24,117.22,117.29,117.205,266624,31320064.0,1723656120
232,2024-08-15 01:23:00,117.22,117.02,117.22,117.02,300448,35223552.0,1723656180
233,2024-08-15 01:24:00,117.075,117.18,117.18,117.075,330112,38680576.0,1723656240
234,2024-08-15 01:25:00,117.18,117.14,117.21,117.136,277392,32548864.0,1723656300
235,2024-08-15 01:26:00,117.16,117.13,117.19,117.13,212272,24866816.0,1723656360
236,2024-08-15 01:27:00,117.05,117.09,117.137,117.05,299616,35176448.0,1723656420
237,2024-08-15 01:28:00,117.169,116.969,117.169,116.91,428880,50302976.0,1723656480
238,2024-08-15 01:29:00,116.97,117.02,117.04,116.97,266864,31250432.0,1723656540
239,2024-08-15 01:30:00,117.02,117.11,117.118,117.02,321376,37728256.0,1723656600
240,2024-08-15 01:31:00,117.2,117.25,117.25,117.115,469840,55115776.0,1723656660
241,2024-08-15 01:32:00,117.27,117.385,117.419,117.27,560784,65748992.0,1723656720
242,2024-08-15 01:33:00,117.34,117.34,117.365,117.33,280656,32964608.0,1723656780
243,2024-08-15 01:34:00,117.28,117.365,117.375,117.28,331680,38993920.0,1723656840
244,2024-08-15 01:35:00,117.3,117.213,117.3,117.165,397040,46628864.0,1723656900
245,2024-08-15 01:36:00,117.26,117.285,117.33,117.26,361744,42479616.0,1723656960
246,2024-08-15 01:37:00,117.3,117.151,117.3,117.151,306480,35960832.0,1723657020
247,2024-08-15 01:38:00,117.165,117.005,117.165,116.988,412624,48408576.0,1723657080
248,2024-08-15 01:39:00,116.995,117.025,117.04,116.99,421168,49309696.0,1723657140
249,2024-08-15 01:40:00,117.001,116.985,117.05,116.985,298512,34992128.0,1723657200
250,2024-08-15 01:41:00,116.96,116.859,116.979,116.859,565184,66205696.0,1723657260
251,2024-08-15 01:42:00,116.915,116.835,116.915,116.835,326608,38199296.0,1723657320
252,2024-08-15 01:43:00,116.685,116.72,116.72,116.53,1043184,121872384.0,1723657380
253,2024-08-15 01:44:00,116.805,116.888,116.888,116.805,429968,50423808.0,1723657440
254,2024-08-15 01:45:00,116.836,116.885,116.885,116.836,249200,29206528.0,1723657500
255,2024-08-15 01:46:00,116.84,116.94,116.96,116.84,420016,49195008.0,1723657560
256,2024-08-15 01:47:00,116.973,117.041,117.07,116.963,387936,45486080.0,1723657620
257,2024-08-15 01:48:00,117.1,117.08,117.101,117.08,281744,33050624.0,1723657680
258,2024-08-15 01:49:00,117.082,117.07,117.1,117.07,278080,32563200.0,1723657740
259,2024-08-15 01:50:00,116.976,117.12,117.12,116.976,395920,46331904.0,1723657800
260,2024-08-15 01:51:00,117.111,117.055,117.15,117.055,277584,32526336.0,1723657860
261,2024-08-15 01:52:00,117.05,116.94,117.05,116.89,351632,41226240.0,1723657920
262,2024-08-15 01:53:00,116.995,117.0,117.01,116.967,184960,21684224.0,1723657980
263,2024-08-15 01:54:00,117.062,117.075,117.075,117.05,182272,21374976.0,1723658040
264,2024-08-15 01:55:00,117.061,117.043,117.065,117.0,296880,34824192.0,1723658100
265,2024-08-15 01:56:00,116.965,117.03,117.03,116.965,287728,33722368.0,1723658160
266,2024-08-15 01:57:00,117.05,117.02,117.05,117.0,208224,24430592.0,1723658220
267,2024-08-15 01:58:00,116.99,116.871,116.99,116.83,383712,44994560.0,1723658280
268,2024-08-15 01:59:00,116.83,116.9,116.94,116.83,272432,31864832.0,1723658340
269,2024-08-15 02:00:00,116.925,116.774,116.925,116.765,365072,42692608.0,1723658400
270,2024-08-15 02:01:00,116.74,116.635,116.74,116.57,476576,55685120.0,1723658460
271,2024-08-15 02:02:00,116.72,116.724,116.835,116.698,447440,52338688.0,1723658520
272,2024-08-15 02:03:00,116.77,116.883,116.883,116.77,366752,42907648.0,1723658580
273,2024-08-15 02:04:00,116.87,116.899,116.93,116.87,361008,42223616.0,1723658640
274,2024-08-15 02:05:00,116.83,116.916,116.916,116.83,193328,22626304.0,1723658700
275,2024-08-15 02:06:00,116.965,116.985,117.0,116.965,378816,44388352.0,1723658760
276,2024-08-15 02:07:00,117.095,116.98,117.095,116.98,473424,55451648.0,1723658820
277,2024-08-15 02:08:00,116.985,117.001,117.005,116.95,322816,37783552.0,1723658880
278,2024-08-15 02:09:00,117.03,116.961,117.03,116.961,282768,33165312.0,1723658940
279,2024-08-15 02:10:00,116.995,116.92,116.995,116.92,200112,23429120.0,1723659000
280,2024-08-15 02:11:00,116.9,116.966,117.0,116.9,304096,35688448.0,1723659060
281,2024-08-15 02:12:00,116.98,116.965,116.987,116.949,192480,22523904.0,1723659120
282,2024-08-15 02:13:00,117.04,117.025,117.07,117.01,253264,29624320.0,1723659180
283,2024-08-15 02:14:00,116.99,116.982,116.99,116.909,244352,28635136.0,1723659240
284,2024-08-15 02:15:00,116.977,116.948,116.995,116.948,193504,22646784.0,1723659300
285,2024-08-15 02:16:00,116.9,116.99,116.99,116.9,186224,21819392.0,1723659360
286,2024-08-15 02:17:00,116.998,116.981,117.047,116.955,261136,30595072.0,1723659420
287,2024-08-15 02:18:00,116.945,116.925,116.945,116.865,311520,36538368.0,1723659480
288,2024-08-15 02:19:00,116.995,116.93,116.996,116.93,188720,22106112.0,1723659540
289,2024-08-15 02:20:00,116.969,116.93,116.969,116.91,157440,18429952.0,1723659600
290,2024-08-15 02:21:00,116.92,117.25,117.25,116.92,676640,79339520.0,1723659660
291,2024-08-15 02:22:00,117.3,117.275,117.34,117.251,591504,69443584.0,1723659720
292,2024-08-15 02:23:00,117.26,117.33,117.35,117.23,377520,44273664.0,1723659780
293,2024-08-15 02:24:00,117.345,117.285,117.345,117.285,176096,20678656.0,1723659840
294,2024-08-15 02:25:00,117.286,117.299,117.299,117.22,420384,49309696.0,1723659900
295,2024-08-15 02:26:00,117.327,117.285,117.327,117.28,296576,34844672.0,1723659960
296,2024-08-15 02:27:00,117.27,117.33,117.33,117.222,227904,26767360.0,1723660020
297,2024-08-15 02:28:00,117.387,117.387,117.44,117.297,583296,68509696.0,1723660080
298,2024-08-15 02:29:00,117.423,117.27,117.43,117.27,465504,54652928.0,1723660140
299,2024-08-15 02:30:00,117.317,117.3,117.351,117.3,355648,41781248.0,1723660200
300,2024-08-15 02:31:00,117.356,117.415,117.415,117.34,198624,23357440.0,1723660260
301,2024-08-15 02:32:00,117.406,117.389,117.419,117.36,271392,31913984.0,1723660320
302,2024-08-15 02:33:00,117.374,117.221,117.405,117.221,332960,39110656.0,1723660380
303,2024-08-15 02:34:00,117.31,117.38,117.38,117.31,230432,27041792.0,1723660440
304,2024-08-15 02:35:00,117.33,117.3,117.331,117.3,172000,20213760.0,1723660500
305,2024-08-15 02:36:00,117.3,117.075,117.319,117.075,596064,70010880.0,1723660560
306,2024-08-15 02:37:00,117.15,117.196,117.22,117.15,438368,51433472.0,1723660620
307,2024-08-15 02:38:00,117.191,117.22,117.26,117.14,198048,23218176.0,1723660680
308,2024-08-15 02:39:00,117.29,117.23,117.29,117.23,286688,33671168.0,1723660740
309,2024-08-15 02:40:00,117.23,117.24,117.29,117.209,544992,63963136.0,1723660800
310,2024-08-15 02:41:00,117.225,117.164,117.234,117.142,221760,26011648.0,1723660860
311,2024-08-15 02:42:00,117.15,117.115,117.15,117.08,248960,29196288.0,1723660920
312,2024-08-15 02:43:00,117.145,117.14,117.158,117.101,281408,32940032.0,1723660980
313,2024-08-15 02:44:00,117.105,117.111,117.118,117.07,293888,34496512.0,1723661040
314,2024-08-15 02:45:00,117.12,117.135,117.165,117.12,204640,24004608.0,1723661100
315,2024-08-15 02:46:00,117.145,117.22,117.22,117.1,185504,21723136.0,1723661160
316,2024-08-15 02:47:00,117.188,117.165,117.2,117.165,290464,34027520.0,1723661220
317,2024-08-15 02:48:00,117.11,117.13,117.139,117.11,178112,20873216.0,1723661280
318,2024-08-15 02:49:00,117.09,117.08,117.11,117.06,246752,28893184.0,1723661340
319,2024-08-15 02:50:00,117.129,117.125,117.15,117.085,248192,29059072.0,1723661400
320,2024-08-15 02:51:00,117.17,117.16,117.205,117.155,245184,28715008.0,1723661460
321,2024-08-15 02:52:00,117.115,117.19,117.19,117.115,174912,20482048.0,1723661520
322,2024-08-15 02:53:00,117.24,117.31,117.31,117.239,440000,51607552.0,1723661580
323,2024-08-15 02:54:00,117.32,117.331,117.365,117.32,309760,36362240.0,1723661640
324,2024-08-15 02:55:00,117.3,117.271,117.32,117.271,317632,37273600.0,1723661700
325,2024-08-15 02:56:00,117.292,117.369,117.369,117.283,235168,27551744.0,1723661760
326,2024-08-15 02:57:00,117.36,117.325,117.36,117.305,240064,28205056.0,1723661820
327,2024-08-15 02:58:00,117.35,117.399,117.399,117.32,277024,32518144.0,1723661880
328,2024-08-15 02:59:00,117.415,117.48,117.485,117.41,418176,49164288.0,1723661940
329,2024-08-15 03:00:00,117.44,117.451,117.47,117.44,301344,35438592.0,1723662000
330,2024-08-15 03:01:00,117.435,117.38,117.435,117.349,357280,42004480.0,1723662060
331,2024-08-15 03:02:00,117.35,117.36,117.39,117.33,355840,41848832.0,1723662120
332,2024-08-15 03:03:00,117.389,117.346,117.389,117.343,203392,23848960.0,1723662180
333,2024-08-15 03:04:00,117.34,117.363,117.363,117.324,203200,23834624.0,1723662240
334,2024-08-15 03:05:00,117.38,117.425,117.425,117.355,288704,33943552.0,1723662300
335,2024-08-15 03:06:00,117.399,117.56,117.56,117.399,556864,65480704.0,1723662360
336,2024-08-15 03:07:00,117.581,117.529,117.581,117.508,578624,68104192.0,1723662420
337,2024-08-15 03:08:00,117.55,117.64,117.662,117.55,546272,64278528.0,1723662480
338,2024-08-15 03:09:00,117.595,117.475,117.65,117.44,580096,68227072.0,1723662540
339,2024-08-15 03:10:00,117.405,117.277,117.405,117.277,580800,68265984.0,1723662600
340,2024-08-15 03:11:00,117.253,117.131,117.376,117.131,595872,69933056.0,1723662660
341,2024-08-15 03:12:00,117.11,117.161,117.215,117.11,591360,69353472.0,1723662720
342,2024-08-15 03:13:00,117.19,117.225,117.24,117.19,270016,31674368.0,1723662780
343,2024-08-15 03:14:00,117.235,117.07,117.235,117.02,600672,70465536.0,1723662840
344,2024-08-15 03:15:00,116.953,116.83,116.953,116.795,972064,113856512.0,1723662900
345,2024-08-15 03:16:00,116.85,116.955,116.98,116.85,568864,66600960.0,1723662960
346,2024-08-15 03:17:00,116.94,117.049,117.049,116.846,544544,63815680.0,1723663020
347,2024-08-15 03:18:00,117.058,117.106,117.106,116.965,404704,47419392.0,1723663080
348,2024-08-15 03:19:00,117.082,117.085,117.095,117.065,261984,30707712.0,1723663140
349,2024-08-15 03:20:00,117.061,117.07,117.106,117.05,287616,33734656.0,1723663200
350,2024-08-15 03:21:00,117.14,116.989,117.14,116.975,429760,50395136.0,1723663260
351,2024-08-15 03:22:00,116.98,116.98,117.04,116.965,318848,37345280.0,1723663320
352,2024-08-15 03:23:00,116.96,117.07,117.07,116.96,377664,44244992.0,1723663380
353,2024-08-15 03:24:00,117.012,117.155,117.155,117.012,425056,49885184.0,1723663440
354,2024-08-15 03:25:00,117.167,117.103,117.21,117.103,436224,51189760.0,1723663500
355,2024-08-15 03:26:00,117.122,117.16,117.16,117.1,282304,33114112.0,1723663560
356,2024-08-15 03:27:00,117.135,117.184,117.2,117.135,314528,36907008.0,1723663620
357,2024-08-15 03:28:00,117.181,117.135,117.181,117.131,250112,29296640.0,1723663680
358,2024-08-15 03:29:00,117.085,117.131,117.161,117.085,229216,26892288.0,1723663740
359,2024-08-15 03:30:00,117.14,117.12,117.14,117.07,266880,31203328.0,1723663800
360,2024-08-15 03:31:00,117.086,117.111,117.134,117.07,359968,42129408.0,1723663860
361,2024-08-15 03:32:00,117.08,117.105,117.126,117.075,264992,31074304.0,1723663920
362,2024-08-15 03:33:00,117.095,117.04,117.095,116.999,329952,38707200.0,1723663980
363,2024-08-15 03:34:00,116.99,116.919,116.99,116.903,548480,64251904.0,1723664040
364,2024-08-15 03:35:00,116.93,116.875,116.95,116.875,409248,47882240.0,1723664100
365,2024-08-15 03:36:00,116.946,116.915,116.95,116.905,419104,49137664.0,1723664160
366,2024-08-15 03:37:00,117.01,116.99,117.026,116.99,382848,44789760.0,1723664220
367,2024-08-15 03:38:00,116.996,116.895,116.996,116.895,401248,46964736.0,1723664280
368,2024-08-15 03:39:00,116.835,116.895,116.919,116.835,380288,44376064.0,1723664340
369,2024-08-15 03:40:00,116.93,117.019,117.02,116.91,397376,46596096.0,1723664400
370,2024-08-15 03:41:00,117.02,117.095,117.095,116.986,497568,58122240.0,1723664460
371,2024-08-15 03:42:00,117.135,117.07,117.135,117.07,459008,53731328.0,1723664520
372,2024-08-15 03:43:00,117.125,117.13,117.17,117.105,537472,62849024.0,1723664580
373,2024-08-15 03:44:00,117.15,117.179,117.179,117.125,328448,38338560.0,1723664640
374,2024-08-15 03:45:00,117.151,117.15,117.17,117.14,323776,37863424.0,1723664700
375,2024-08-15 03:46:00,117.15,117.195,117.195,117.13,346784,40574976.0,1723664760
376,2024-08-15 03:47:00,117.17,117.08,117.19,117.08,578144,67747840.0,1723664820
377,2024-08-15 03:48:00,117.08,117.136,117.136,117.08,291680,34217984.0,1723664880
378,2024-08-15 03:49:00,117.14,117.231,117.231,117.14,742112,86945792.0,1723664940
379,2024-08-15 03:50:00,117.26,117.36,117.36,117.26,494336,58023936.0,1723665000
380,2024-08-15 03:51:00,117.425,117.515,117.556,117.425,1139040,133525504.0,1723665060
381,2024-08-15 03:52:00,117.41,117.51,117.55,117.41,1003776,117841920.0,1723665120
382,2024-08-15 03:53:00,117.535,117.61,117.61,117.505,806720,94511104.0,1723665180
383,2024-08-15 03:54:00,117.62,117.655,117.674,117.57,828480,97206272.0,1723665240
384,2024-08-15 03:55:00,117.725,117.96,117.96,117.725,1360800,160178176.0,1723665300
385,2024-08-15 03:56:00,117.99,118.1,118.199,117.99,2434400,287277056.0,1723665360
386,2024-08-15 03:57:00,118.055,118.02,118.08,118.02,1038720,122753024.0,1723665420
387,2024-08-15 03:58:00,118.02,118.049,118.049,117.894,1784992,210677760.0,1723665480
388,2024-08-15 03:59:00,118.12,118.135,118.135,118.12,1309824,154660864.0,1723665540
389,2024-08-15 04:00:00,118.13,118.08,118.26,117.26,26730560,3154554880.0,1723665600
