,dt,open,close,high,low,vol,ts,icon_1,icon_2,icon_11,icon_12,icon_13,icon_41,icon_34,icon_35,icon_38,icon_39,jw1,jw5,jw30,baijiao
0,2023-10-24 21:31:00,106.65,107.805,107.805,104.1,404230,1698154260,,,,,,,,,,,35.204266311921174,22.637418652546756,96.03803676265315,-76.77371456127759
1,2023-10-24 21:32:00,108.455,108.261,108.5,108.261,239766,1698154320,,,,,,,,,,,47.36553577331067,22.637418652546756,96.03803676265315,73.45371977878808
2,2023-10-24 21:33:00,108.36,109.234,109.234,108.36,189841,1698154380,,,,,,,,,,,59.20722307240135,22.637418652546756,96.03803676265315,82.45944136584536
3,2023-10-24 21:34:00,109.12,108.76,109.12,108.76,126554,1698154440,,,,,,,,,,,67.93950350791057,22.637418652546756,96.03803676265315,84.18057233145946
4,2023-10-24 21:35:00,108.81,108.98,109.18,108.785,123562,1698154500,,1.0,,,,,,,,,76.46668874718483,31.75084783639406,96.03803676265315,84.16318356360965
5,2023-10-24 21:36:00,108.935,108.485,108.935,108.485,64329,1698154560,,,,,,,,,,,82.13480072189375,31.75084783639406,96.03803676265315,83.98795356954791
6,2023-10-24 21:37:00,108.68,109.5,109.5,108.68,75082,1698154620,,,,,,,,,,,89.87503961832476,31.75084783639406,96.03803676265315,83.15941425405134
7,2023-10-24 21:38:00,109.43,109.04,109.43,109.04,75778,1698154680,,,,,,,,,,,95.03466400848411,31.75084783639406,96.03803676265315,82.95452181752947
8,2023-10-24 21:39:00,109.17,109.23,109.23,109.09,32195,1698154740,,,,,,,,,,,100.1859062051087,31.75084783639406,96.03803676265315,82.08534089275086
9,2023-10-24 21:40:00,109.205,109.15,109.205,109.0,44913,1698154800,,,,,,,,,,,104.36703447457361,39.67782012280537,96.03803676265315,81.34788539162922
10,2023-10-24 21:41:00,109.3,109.14,109.3,109.09,85661,1698154860,,,,,,,,,,,107.92565519411184,39.67782012280537,96.03803676265315,80.40634958647215
11,2023-10-24 21:42:00,108.97,109.395,109.395,108.97,68093,1698154920,,,,,,,,,,,111.86322361510858,39.67782012280537,96.03803676265315,79.37703496294009
12,2023-10-24 21:43:00,109.215,109.07,109.215,109.07,29460,1698154980,,,,,,,,,,,114.08171004248416,39.67782012280537,96.03803676265315,78.6711376355903
13,2023-10-24 21:44:00,109.04,109.255,109.31,109.04,28942,1698155040,,,,,,,,,,,116.57101440503966,39.67782012280537,96.03803676265315,77.25440912923548
14,2023-10-24 21:45:00,109.36,109.46,109.49,109.36,41368,1698155100,,,,,,,,,,,119.3711759355265,47.91950509340165,96.03803676265315,76.19935045673186
15,2023-10-24 21:46:00,109.173,109.02,109.22,109.02,53467,1698155160,,,,,,,,,,,120.16383981520998,47.91950509340165,96.03803676265315,75.49339002664567
16,2023-10-24 21:47:00,109.26,109.77,109.895,109.26,93034,1698155220,,,,,,,,,,,122.01174755388098,47.91950509340165,96.03803676265315,73.51127482739307
17,2023-10-24 21:48:00,109.79,109.99,110.0,109.64,73519,1698155280,,,,,,,,,,,123.89390477362966,47.91950509340165,96.03803676265315,72.64683505519177
18,2023-10-24 21:49:00,109.836,109.97,109.97,109.655,36765,1698155340,,,,,,,,,,,125.3617409851197,47.91950509340165,96.03803676265315,71.91339546960576
19,2023-10-24 21:50:00,109.98,109.83,110.12,109.69,55848,1698155400,,,,,,,,,,1.0,125.70195090301948,54.54803399612044,96.03803676265315,70.88582511736182
20,2023-10-24 21:51:00,109.86,109.61,109.9,109.59,39614,1698155460,,,,,,,,,,,125.16425783686378,54.54803399612044,96.03803676265315,68.86321903490432
21,2023-10-24 21:52:00,109.77,110.002,110.002,109.705,39702,1698155520,,,,,,,,,,,125.79081846086056,54.54803399612044,96.03803676265315,66.0071478598312
22,2023-10-24 21:53:00,110.01,110.06,110.06,109.94,52533,1698155580,,,,,,,,,,,126.39741180477489,54.54803399612044,96.03803676265315,65.1256254411529
23,2023-10-24 21:54:00,110.068,110.2,110.2,109.985,38990,1698155640,,,,,,,,,,,126.99454668796918,54.54803399612044,96.03803676265315,64.25254239358812
24,2023-10-24 21:55:00,110.24,110.44,110.44,110.24,64143,1698155700,,,,,,,,,,,127.39474175649411,61.42345271759655,96.03803676265315,63.39906778716084
25,2023-10-24 21:56:00,110.541,110.145,110.61,110.08,181250,1698155760,,,,,,,,,,,126.25652235441206,61.42345271759655,96.03803676265315,62.267468128115695
26,2023-10-24 21:57:00,110.2,110.42,110.42,110.0,24470,1698155820,,,,,,,,1.0,,,125.92387010057499,61.42345271759655,96.03803676265315,58.466350516243615
27,2023-10-24 21:58:00,110.37,110.011,110.37,110.011,18732,1698155880,,,,,,,,,,,124.30522161847176,61.42345271759655,96.03803676265315,56.778879221311016
28,2023-10-24 21:59:00,110.16,110.19,110.24,110.13,19300,1698155940,,,,,,,,,,,123.27176354715533,61.42345271759655,96.03803676265315,52.11621785727989
29,2023-10-24 22:00:00,110.235,110.09,110.235,110.01,19355,1698156000,,,,,,,,,,,121.9458373881734,66.0576173154208,101.75572005894477,49.548687576038006
30,2023-10-24 22:01:00,110.12,110.18,110.18,109.98,37841,1698156060,,,,,,,,,,,120.92197929415624,66.0576173154208,101.75572005894477,46.244703168402715
31,2023-10-24 22:02:00,110.04,110.27,110.27,110.0,16345,1698156120,,,,,,,,,,,120.17195092150078,66.0576173154208,101.75572005894477,44.25816661875558
32,2023-10-24 22:03:00,110.2,110.16,110.2,110.09,14178,1698156180,,,,,,,,,,,119.08280560463956,66.0576173154208,101.75572005894477,43.27448308515207
33,2023-10-24 22:04:00,110.1,110.287,110.287,110.079,36217,1698156240,,,,,,,,,,,118.39133270961423,66.0576173154208,101.75572005894477,40.85328208350418
34,2023-10-24 22:05:00,110.13,110.48,110.48,110.07,62842,1698156300,,,,,,,,,,,118.25177351447775,71.35474895666772,101.75572005894477,40.09702987273333
35,2023-10-24 22:06:00,110.5,110.45,110.5,110.41,26669,1698156360,,,,,,,,,,,117.95213808440053,71.35474895666772,101.75572005894477,41.16102163835708
36,2023-10-24 22:07:00,110.479,110.755,110.755,110.45,43486,1698156420,,,,,,,,,,,118.07011641360981,71.35474895666772,101.75572005894477,40.900624017104555
37,2023-10-24 22:08:00,110.67,110.87,110.93,110.67,45053,1698156480,,,,,,,,,,,117.92469024451322,71.35474895666772,101.75572005894477,41.83726919290977
38,2023-10-24 22:09:00,110.91,111.05,111.05,110.885,99452,1698156540,,,,,,,,,,,117.8823250332452,71.35474895666772,101.75572005894477,41.226250668743404
39,2023-10-24 22:10:00,110.97,110.55,110.97,110.5,37914,1698156600,,,,,,,,,,,116.39104314690115,75.09431118993021,101.75572005894477,40.84799194674003
40,2023-10-24 22:11:00,110.57,110.45,110.585,110.45,41071,1698156660,,,,,,,,,,,114.71216740880448,75.09431118993021,101.75572005894477,34.683828845511485
41,2023-10-24 22:12:00,110.215,110.185,110.215,110.07,75635,1698156720,,,,,,,,,,,112.41722634154527,75.09431118993021,101.75572005894477,28.468450295238338
42,2023-10-24 22:13:00,110.1,110.05,110.1,109.94,88737,1698156780,,,,,,,,,,,109.93635123689668,75.09431118993021,101.75572005894477,19.87246455008777
43,2023-10-24 22:14:00,110.15,110.39,110.39,110.15,65842,1698156840,,,,,,,,,,,108.60205502033475,75.09431118993021,101.75572005894477,11.456198562931535
44,2023-10-24 22:15:00,110.485,110.55,110.6,110.385,35889,1698156900,,,,,,,,,,,107.79926519549579,78.43060293181995,101.75572005894477,11.203170896049226
45,2023-10-24 22:16:00,110.5,110.55,110.59,110.5,38635,1698156960,,,,,,,,,,,104.98204999740952,78.43060293181995,101.75572005894477,13.381375813019254
46,2023-10-24 22:17:00,110.45,110.4,110.59,110.365,70231,1698157020,,,,,,,,,,,101.23435383478159,78.43060293181995,101.75572005894477,14.493846673213225
47,2023-10-24 22:18:00,110.395,110.31,110.395,110.25,70946,1698157080,,,,,,,,,,,96.96120395833321,78.43060293181995,101.75572005894477,12.595283254225036
48,2023-10-24 22:19:00,110.16,110.085,110.16,110.05,46739,1698157140,,,,,,,,,,,91.44768633729996,78.43060293181995,101.75572005894477,9.730694893927803
49,2023-10-24 22:20:00,110.18,110.0,110.18,109.97,58515,1698157200,,,,,,,,,,,85.88229034119274,79.88838321666478,101.75572005894477,4.071361293356551
50,2023-10-24 22:21:00,110.01,110.2,110.2,110.0,63783,1698157260,,,,,,,,,,,81.88408699545414,79.88838321666478,101.75572005894477,-1.009153332647722
51,2023-10-24 22:22:00,110.21,110.19,110.21,110.12,33405,1698157320,,,,,,,,,,,77.27480946558396,79.88838321666478,101.75572005894477,-0.9170012034178866
52,2023-10-24 22:23:00,110.19,110.34,110.35,110.19,46322,1698157380,,,,,,,,,,,74.55506188638338,79.88838321666478,101.75572005894477,-1.0070442304899543
53,2023-10-24 22:24:00,110.36,110.49,110.5,110.36,41906,1698157440,,,,,,,,,,,73.52544389105819,79.88838321666478,101.75572005894477,1.418979373753584
54,2023-10-24 22:25:00,110.535,110.44,110.65,110.44,53608,1698157500,,,,,,,,,,,72.16713707988816,82.39042257120343,101.75572005894477,5.375517353132122
55,2023-10-24 22:26:00,110.37,110.27,110.37,110.16,46918,1698157560,,,,,,,,,,,69.41529484505057,82.39042257120343,101.75572005894477,6.943203658148248
56,2023-10-24 22:27:00,110.31,110.16,110.33,110.16,61824,1698157620,,,,,,,,,,,65.77530352171698,82.39042257120343,101.75572005894477,5.049447510760604
57,2023-10-24 22:28:00,110.22,110.25,110.31,110.22,48512,1698157680,,,,,,,,,,,63.40901208465726,82.39042257120343,101.75572005894477,1.9633787999848484
58,2023-10-24 22:29:00,110.24,110.23,110.31,110.2,50008,1698157740,,,,,,,,,,,61.14689860570999,82.39042257120343,101.75572005894477,1.449390593662746
59,2023-10-24 22:30:00,110.21,110.16,110.21,110.048,51330,1698157800,,,,,,,,,,,58.51049375585086,83.8392888042219,106.08341239760668,0.7719634890638494
60,2023-10-24 22:31:00,110.235,110.17,110.235,110.1,48780,1698157860,,,,,,,,,,,55.186791469493784,83.8392888042219,106.08341239760668,-0.8153626293856638
61,2023-10-24 22:32:00,110.14,110.155,110.16,110.1,52849,1698157920,,,,,,,,,,,49.9521831386879,83.8392888042219,106.08341239760668,-1.639695738286782
62,2023-10-24 22:33:00,110.24,110.09,110.24,110.07,44358,1698157980,,,,,,,,,,,44.49140472978115,83.8392888042219,106.08341239760668,-2.377109739118472
63,2023-10-24 22:34:00,110.12,110.11,110.23,110.11,38324,1698158040,,,,,,,,,,,39.9507234500299,83.8392888042219,106.08341239760668,-3.863157477060529
64,2023-10-24 22:35:00,110.15,110.15,110.32,110.15,33780,1698158100,,,,,,,,,,,36.499614131154374,85.08882519138638,106.08341239760668,-4.408460884380878
65,2023-10-24 22:36:00,110.18,110.27,110.298,110.18,26181,1698158160,,,,,,,,,,,34.19936416609596,85.08882519138638,106.08341239760668,-4.024830537817919
66,2023-10-24 22:37:00,110.38,110.35,110.38,110.35,16054,1698158220,,,,,,,,,,,31.26126489193041,85.08882519138638,106.08341239760668,-1.7464878812532036
67,2023-10-24 22:38:00,110.36,110.6,110.66,110.36,38022,1698158280,,,,,,,,,,,33.0313834820505,85.08882519138638,106.08341239760668,1.0421240098437143
68,2023-10-24 22:39:00,110.68,110.94,110.95,110.68,50355,1698158340,,,,,,,,,,,40.54466542319753,85.08882519138638,106.08341239760668,6.858320810268209
69,2023-10-24 22:40:00,110.96,110.9,110.965,110.88,33805,1698158400,,,,,,,,,,,46.62108200176101,88.24837827309082,106.08341239760668,15.629679802993621
70,2023-10-24 22:41:00,110.85,110.235,110.85,110.235,105042,1698158460,,,,,,,,,,,40.64204612512552,88.24837827309082,106.08341239760668,19.96142542307205
71,2023-10-24 22:42:00,110.25,110.02,110.25,109.97,80218,1698158520,,,,,,,,,,,31.669426639561095,88.24837827309082,106.08341239760668,12.373387739679174
72,2023-10-24 22:43:00,110.0,109.98,110.0,109.97,37663,1698158580,,,,,,,,,,,23.05586844597036,88.24837827309082,106.08341239760668,3.6743465333536975
73,2023-10-24 22:44:00,110.0,110.0,110.03,109.92,60989,1698158640,,,,,,,,,,,16.13035801494783,88.24837827309082,106.08341239760668,-2.6295049681931113
74,2023-10-24 22:45:00,109.927,109.78,109.927,109.71,48795,1698158700,,,,,,,,,,,9.702586150205377,87.96356099341043,106.08341239760668,-6.2226665941594455
75,2023-10-24 22:46:00,109.79,109.93,110.0,109.79,44273,1698158760,,,,,,,,,,,6.222680783713798,87.96356099341043,106.08341239760668,-11.839466685159746
76,2023-10-24 22:47:00,109.98,110.0,110.1,109.98,87289,1698158820,,,,,,,,,,,4.234950310395192,87.96356099341043,106.08341239760668,-12.804221150561442
77,2023-10-24 22:48:00,110.05,109.99,110.143,109.99,25173,1698158880,,,,,,,,,,,2.4381597136179494,87.96356099341043,106.08341239760668,-12.117890214344213
78,2023-10-24 22:49:00,110.009,110.06,110.06,109.959,33596,1698158940,,,,,,,,,,,1.9533298086302295,87.96356099341043,106.08341239760668,-11.63872056285678
79,2023-10-24 22:50:00,109.982,109.95,110.02,109.873,27423,1698159000,,,,,,,,,,,0.06957130717239579,88.15519978011878,106.08341239760668,-10.031895735403873
80,2023-10-24 22:51:00,109.953,109.79,109.953,109.79,22571,1698159060,,,,,,,,,,,-3.7740225846169437,88.15519978011878,106.08341239760668,-10.592969012292349
81,2023-10-24 22:52:00,109.69,109.67,109.76,109.59,32007,1698159120,,,,,,,,,,,-7.172690186868849,88.15519978011878,106.08341239760668,-37.84476634141179
82,2023-10-24 22:53:00,109.71,109.58,109.71,109.58,21110,1698159180,,,,,,,,,,,-11.124259725339414,88.15519978011878,106.08341239760668,-51.73706390295936
83,2023-10-24 22:54:00,109.53,109.94,109.94,109.53,14196,1698159240,,,,,,,,,,,-9.075716677603154,88.15519978011878,106.08341239760668,-59.45227134133578
84,2023-10-24 22:55:00,109.96,109.81,109.99,109.77,34628,1698159300,,,,,,,,,,,-8.836689073405438,87.91946626567099,106.08341239760668,-59.02121940091703
85,2023-10-24 22:56:00,109.83,109.65,109.83,109.65,11340,1698159360,,,,,,,,,,,-10.63333002492844,87.91946626567099,106.08341239760668,-60.02670091931273
86,2023-10-24 22:57:00,109.689,109.67,109.74,109.64,18839,1698159420,,,,,,,,,,,-11.847621640691841,87.91946626567099,106.08341239760668,-63.316622944925726
87,2023-10-24 22:58:00,109.61,109.645,109.68,109.61,12767,1698159480,,,,,,,,,,,-13.142334216132,87.91946626567099,106.08341239760668,-66.49261552753279
88,2023-10-24 22:59:00,109.66,109.59,109.7,109.59,21051,1698159540,,,,,,,,,,,-14.90862646349747,87.91946626567099,106.08341239760668,-68.29812864986022
89,2023-10-24 23:00:00,109.55,109.75,109.75,109.55,16289,1698159600,,,,,,,,,,,-14.23156406634348,87.52352287067359,109.05485029468383,-69.65180467778605
90,2023-10-24 23:01:00,109.72,109.58,109.72,109.58,16447,1698159660,,,,,,,,,,,-15.774412338093455,87.52352287067359,109.05485029468383,-69.09321153208167
91,2023-10-24 23:02:00,109.56,109.77,109.8,109.56,18387,1698159720,,,,,,,,,,,-14.502419223752739,87.52352287067359,109.05485029468383,-69.95016983309397
92,2023-10-24 23:03:00,109.75,109.93,109.945,109.75,16363,1698159780,,,,,,,,,,,-11.124728925880191,87.52352287067359,109.05485029468383,-69.04566617403702
93,2023-10-24 23:04:00,109.927,109.95,109.96,109.88,19896,1698159840,,,,,,,,,,,-7.742698235401662,87.52352287067359,109.05485029468383,-66.48936704116741
94,2023-10-24 23:05:00,109.93,109.99,109.99,109.93,19132,1698159900,,,,,,,,,,,-4.099366531269226,87.81088173454785,109.05485029468383,-63.86688582136178
95,2023-10-24 23:06:00,109.895,109.914,109.914,109.88,17429,1698159960,,,,,,,,,,,-1.7770868066802024,87.81088173454785,109.05485029468383,-60.79121319317237
96,2023-10-24 23:07:00,109.77,109.69,109.77,109.69,23670,1698160020,,,,,,,,,,,-2.61049132884672,87.81088173454785,109.05485029468383,-62.34294761580512
97,2023-10-24 23:08:00,109.62,109.631,109.631,109.61,26616,1698160080,,,,,,,,,,,-4.061075303597477,87.81088173454785,109.05485029468383,-69.60979903392514
98,2023-10-24 23:09:00,109.66,109.56,109.73,109.56,23899,1698160140,,,,,,,,,,,-6.220931612316733,87.81088173454785,109.05485029468383,-73.1927503072495
99,2023-10-24 23:10:00,109.59,109.625,109.625,109.57,20301,1698160200,,,,,,,,,,,-7.199806249642968,87.04391426296633,109.05485029468383,-75.47068170930393
100,2023-10-24 23:11:00,109.58,109.59,109.59,109.52,48527,1698160260,,,,,,,,,,,-8.330490271350463,87.04391426296633,109.05485029468383,-76.28357839136726
101,2023-10-24 23:12:00,109.64,109.45,109.64,109.45,39446,1698160320,,,,,,,,,,,-10.18268487399844,87.04391426296633,109.05485029468383,-76.92541849691979
102,2023-10-24 23:13:00,109.39,109.46,109.5,109.39,26693,1698160380,,,,,,,,,,,-10.901513079038054,87.04391426296633,109.05485029468383,-77.72549734939926
103,2023-10-24 23:14:00,109.45,109.591,109.66,109.45,18663,1698160440,,,,,,,,,,,-9.86992897687577,87.04391426296633,109.05485029468383,-77.86082371181429
104,2023-10-24 23:15:00,109.703,109.77,109.83,109.703,18043,1698160500,,,,,,,,,,,-6.698725730382428,86.7409769047467,109.05485029468383,-77.16189214744098
105,2023-10-24 23:16:00,109.79,109.68,109.79,109.68,14813,1698160560,,,,,,,,,,,-4.891315683912175,86.7409769047467,109.05485029468383,-75.14987122679803
106,2023-10-24 23:17:00,109.64,109.78,109.8,109.64,7038,1698160620,,,,,,,,,,,-1.9998834340426725,86.7409769047467,109.05485029468383,-74.18614476603071
107,2023-10-24 23:18:00,109.78,109.64,109.78,109.64,12740,1698160680,,,,,,,,,,,-1.0609488253842443,86.7409769047467,109.05485029468383,-72.07457150072442
108,2023-10-24 23:19:00,109.66,109.7,109.7,109.59,12577,1698160740,,,,,,,,,,,0.560271938193452,86.7409769047467,109.05485029468383,-72.2525619550054
109,2023-10-24 23:20:00,109.716,109.79,109.79,109.716,11203,1698160800,,,,,,,,,,,3.149586707615093,86.50915528437594,109.05485029468383,-71.36982078459772
110,2023-10-24 23:21:00,109.765,109.79,109.81,109.74,14168,1698160860,,,,,,,,,,,5.504044189818877,86.50915528437594,109.05485029468383,-68.87265915207233
111,2023-10-24 23:22:00,109.72,109.42,109.72,109.405,31469,1698160920,,,,,,,,,,,3.1538562678642563,86.50915528437594,109.05485029468383,-66.55509616837217
112,2023-10-24 23:23:00,109.45,109.52,109.52,109.45,23722,1698160980,,,,,,,,,,,2.31443380541824,86.50915528437594,109.05485029468383,-72.43257794527848
113,2023-10-24 23:24:00,109.61,109.49,109.61,109.47,19275,1698161040,,,,,,,,,,,1.2455803383265334,86.50915528437594,109.05485029468383,-73.73468440375947
114,2023-10-24 23:25:00,109.54,109.45,109.54,109.45,29308,1698161100,,,,,,,,,,,-0.09084276295266847,85.35166461099755,109.05485029468383,-74.82782892863558
115,2023-10-24 23:26:00,109.45,109.519,109.56,109.43,19095,1698161160,,,,,,,,,,,0.8449313489860799,85.35166461099755,109.05485029468383,-75.89810082134433
116,2023-10-24 23:27:00,109.55,109.52,109.55,109.48,11080,1698161220,,,,,,,,,,,2.155734337488319,85.35166461099755,109.05485029468383,-75.76816779420587
117,2023-10-24 23:28:00,109.6,109.74,109.74,109.56,16664,1698161280,,,,,,,,,,,8.948330020008221,85.35166461099755,109.05485029468383,-75.60342389960385
118,2023-10-24 23:29:00,109.7,109.62,109.71,109.62,7559,1698161340,,,,,,,,,,,11.986650923574537,85.35166461099755,109.05485029468383,-71.85307744481526
119,2023-10-24 23:30:00,109.62,109.58,109.63,109.575,14885,1698161400,,,,,,,,,,,13.700646835453341,84.66362121254991,111.24442115806866,-70.61593758954879
120,2023-10-24 23:31:00,109.58,109.385,109.58,109.385,36751,1698161460,,,,,,,,,,,10.422787260864489,84.66362121254991,111.24442115806866,-70.56702170481353
121,2023-10-24 23:32:00,109.41,109.41,109.415,109.36,16141,1698161520,,,,,,,,,,,8.741461331429143,84.66362121254991,111.24442115806866,-74.46257564363184
122,2023-10-24 23:33:00,109.42,109.46,109.46,109.38,9675,1698161580,,,,,,,,,,,8.776150829511188,84.66362121254991,111.24442115806866,-75.61565094585322
123,2023-10-24 23:34:00,109.48,109.55,109.585,109.48,14057,1698161640,,,,,,,,,,,11.602380956948458,84.66362121254991,111.24442115806866,-75.53530521496303
124,2023-10-24 23:35:00,109.55,109.6,109.6,109.55,15656,1698161700,,,,,,,,,,,15.919461192615437,84.09341185376971,111.24442115806866,-73.75098949438018
125,2023-10-24 23:36:00,109.65,109.63,109.693,109.58,16451,1698161760,,,,,,,,,,,20.68872967197217,84.09341185376971,111.24442115806866,-70.72675846193069
126,2023-10-24 23:37:00,109.555,109.51,109.575,109.48,19069,1698161820,,,,,,,,,,,21.301607076823416,84.09341185376971,111.24442115806866,-66.45774981773633
127,2023-10-24 23:38:00,109.55,109.55,109.55,109.51,11693,1698161880,,,,,,,,,,,23.060041570598372,84.09341185376971,111.24442115806866,-68.10572921838047
128,2023-10-24 23:39:00,109.62,109.64,109.65,109.588,13133,1698161940,,,,,,,,,,,27.35354185350399,84.09341185376971,111.24442115806866,-67.31327397654906
129,2023-10-24 23:40:00,109.63,109.58,109.63,109.58,5623,1698162000,,,,,,,,,,,29.349511402466725,83.51967027045129,111.24442115806866,-61.36978389280642
130,2023-10-24 23:41:00,109.62,109.64,109.64,109.555,18780,1698162060,,,,,,,,,,,32.93308902308314,83.51967027045129,111.24442115806866,-60.34009791656103
131,2023-10-24 23:42:00,109.67,109.695,109.72,109.67,7503,1698162120,,,,,,,,,,,37.774375220678515,83.51967027045129,111.24442115806866,-53.64648005454514
132,2023-10-24 23:43:00,109.685,109.71,109.74,109.665,6589,1698162180,,,,,,,,,,,42.515145332072166,83.51967027045129,111.24442115806866,-37.77918346284502
133,2023-10-24 23:44:00,109.74,109.91,109.915,109.74,34121,1698162240,,,,,,,,,,,52.76985963045452,83.51967027045129,111.24442115806866,-16.732599792531087
134,2023-10-24 23:45:00,109.915,109.93,109.995,109.91,32546,1698162300,,,,,,,,,,,62.32688183432507,83.9615487720175,111.24442115806866,48.34458124279415
135,2023-10-24 23:46:00,109.92,109.95,110.0,109.92,23948,1698162360,,,,,,,,,,,71.23725174528875,83.9615487720175,111.24442115806866,64.4613163900451
136,2023-10-24 23:47:00,109.93,109.88,109.93,109.865,14070,1698162420,,,,,,,,,,,77.00200841552667,83.9615487720175,111.24442115806866,69.87657486170293
137,2023-10-24 23:48:00,109.895,109.965,109.965,109.895,14081,1698162480,,,,,,,,,,,84.5808264108652,83.9615487720175,111.24442115806866,69.39201469334128
138,2023-10-24 23:49:00,109.97,109.98,109.985,109.955,9508,1698162540,,,,,,,,,,,91.6749597472007,83.9615487720175,111.24442115806866,71.46279442949208
139,2023-10-24 23:50:00,109.98,109.86,109.98,109.86,18701,1698162600,,,,,,,,,,,94.29451607686529,84.15364733692101,111.24442115806866,72.4398129394684
140,2023-10-24 23:51:00,109.86,109.9,109.9,109.86,7170,1698162660,,,,,,,,,,,97.69902063036494,84.15364733692101,111.24442115806866,68.90556413544347
141,2023-10-24 23:52:00,109.85,109.98,109.98,109.78,13899,1698162720,,,,,,,,,,,102.99439339416749,84.15364733692101,111.24442115806866,67.21508659571208
142,2023-10-24 23:53:00,109.91,109.898,109.92,109.898,11267,1698162780,,,,,,,,,,,105.13144303110559,84.15364733692101,111.24442115806866,68.67657606516497
143,2023-10-24 23:54:00,109.898,109.95,109.95,109.88,8715,1698162840,,,,,,,,,,,108.45218874581138,84.15364733692101,111.24442115806866,65.86992392487345
144,2023-10-24 23:55:00,109.94,109.93,109.98,109.91,20409,1698162900,,,,,,,,,,,110.67541750730717,84.50780165578271,111.24442115806866,65.64539980973974
145,2023-10-24 23:56:00,109.88,109.88,109.915,109.84,6213,1698162960,,,,,,,,,,,111.0229838172885,84.50780165578271,111.24442115806866,64.0353562286923
146,2023-10-24 23:57:00,109.86,109.98,110.0,109.86,43882,1698163020,,,,,,,,,,,114.17953943035117,84.50780165578271,111.24442115806866,59.53695350974485
147,2023-10-24 23:58:00,110.0,109.92,110.0,109.9,30417,1698163080,,,,,,,,,,,115.06067436692861,84.50780165578271,111.24442115806866,61.75600561273098
148,2023-10-24 23:59:00,109.97,109.93,109.98,109.93,14813,1698163140,,,,,,,,,,,116.00436002560541,84.50780165578271,111.24442115806866,59.08587414034774
149,2023-10-25 00:00:00,109.945,109.95,109.98,109.945,5747,1698163200,,,,,,,,,,,117.30389571038327,84.86853693421318,113.70328416515284,57.26671969297111
150,2023-10-25 00:01:00,109.92,109.975,110.025,109.92,22644,1698163260,,,,,,,,,,,118.38043716740239,84.86853693421318,113.70328416515284,59.655677080334534
151,2023-10-25 00:02:00,109.95,109.81,109.97,109.81,16072,1698163320,,,,,,,,,,,114.46126204821502,84.86853693421318,113.70328416515284,74.42457843896837
152,2023-10-25 00:03:00,109.86,109.768,109.86,109.76,13143,1698163380,,,,,,,,,,,109.63224267112597,84.86853693421318,113.70328416515284,75.5127427446092
153,2023-10-25 00:04:00,109.66,109.62,109.69,109.61,20230,1698163440,,,,,,,,,,,100.95775761190413,84.86853693421318,113.70328416515284,74.47296935023637
154,2023-10-25 00:05:00,109.64,109.55,109.64,109.49,18541,1698163500,,,,,,,,,,,91.11468799498907,84.07976460141401,113.70328416515284,66.36831858901404
155,2023-10-25 00:06:00,109.53,109.5,109.57,109.49,21022,1698163560,,,,,,,,,,,80.8253849949198,84.07976460141401,113.70328416515284,44.285940307584596
156,2023-10-25 00:07:00,109.475,109.42,109.475,109.315,16802,1698163620,,,,,,,,,,,70.3995014110686,84.07976460141401,113.70328416515284,-10.321481833739686
157,2023-10-25 00:08:00,109.43,109.32,109.43,109.32,13635,1698163680,,,,,,,,,,,58.37853361431981,84.07976460141401,113.70328416515284,-49.862168768583146
158,2023-10-25 00:09:00,109.35,109.105,109.35,109.105,29550,1698163740,,,,,,,,,,,47.51601945180518,84.07976460141401,113.70328416515284,-68.00542706696886
159,2023-10-25 00:10:00,109.22,109.23,109.24,109.15,20768,1698163800,,,,,,,,,,,40.43899871905012,82.48755354739717,113.70328416515284,-73.41524490194654
160,2023-10-25 00:11:00,109.288,109.215,109.288,109.215,10495,1698163860,1.0,,,,,,,,,,33.843190712519075,82.48755354739717,113.70328416515284,-72.45114224871782
161,2023-10-25 00:12:00,109.2,109.2,109.22,109.17,12084,1698163920,,,,,,,,,,,27.688640784049525,82.48755354739717,113.70328416515284,-72.1322527989953
162,2023-10-25 00:13:00,109.19,109.22,109.23,109.12,17477,1698163980,,,,,,,,,,,22.665635988769466,82.48755354739717,113.70328416515284,-72.33078608161841
163,2023-10-25 00:14:00,109.2,109.23,109.23,109.2,4773,1698164040,,,,,,,,,,,18.452589564641215,82.48755354739717,113.70328416515284,-71.59464280401495
164,2023-10-25 00:15:00,109.17,109.15,109.21,109.11,19136,1698164100,,,,,,,,,,,13.099097228417719,80.84202299907665,113.70328416515284,-70.46864009294546
165,2023-10-25 00:16:00,109.15,109.15,109.15,109.069,15254,1698164160,,,,,,,,,,,9.083595744845013,80.84202299907665,113.70328416515284,-72.92665277881693
166,2023-10-25 00:17:00,109.16,109.11,109.16,109.07,14543,1698164220,,,,,,,,,,,4.783305072980667,80.84202299907665,113.70328416515284,-73.08452965307856
167,2023-10-25 00:18:00,109.11,109.05,109.11,109.041,17176,1698164280,,,,,,,,,,,0.3902538219662546,80.84202299907665,113.70328416515284,-74.44302835562759
168,2023-10-25 00:19:00,109.03,109.06,109.06,109.03,11079,1698164340,,,,,,,,,,,-3.032833697860866,80.84202299907665,113.70328416515284,-76.09403915806489
169,2023-10-25 00:20:00,109.09,109.07,109.09,109.04,11833,1698164400,,,,,,,,,,,-5.795772206347095,79.15224280865885,113.70328416515284,-76.53745175237106
170,2023-10-25 00:21:00,109.09,109.0,109.09,109.0,38237,1698164460,,,,,,,,,,,-8.927258413291284,79.15224280865885,113.70328416515284,-76.54636171741036
171,2023-10-25 00:22:00,109.05,109.05,109.07,109.03,12247,1698164520,,,,,,,,,,,-10.683204815899316,79.15224280865885,113.70328416515284,-77.49718582763806
172,2023-10-25 00:23:00,109.05,109.1,109.1,109.05,6999,1698164580,,,,,,,,,,,-11.211418788138545,79.15224280865885,113.70328416515284,-76.91626123406517
173,2023-10-25 00:24:00,109.12,109.13,109.13,109.12,4286,1698164640,,,,,,,,,,,-11.0190132933527,79.15224280865885,113.70328416515284,-74.822889828378
174,2023-10-25 00:25:00,109.07,109.02,109.1,109.02,13753,1698164700,,,,,,,,,,,-12.797013282390466,77.5088044950491,113.70328416515284,-71.2542608036195
175,2023-10-25 00:26:00,109.03,109.04,109.053,109.03,20588,1698164760,,,,,,,,,,,-13.907401398089945,77.5088044950491,113.70328416515284,-73.95754399883953
176,2023-10-25 00:27:00,109.02,109.02,109.057,109.02,8663,1698164820,,,,,,,,,,,-15.168417705996845,77.5088044950491,113.70328416515284,-74.58808709160502
177,2023-10-25 00:28:00,109.01,109.07,109.07,109.01,10692,1698164880,,,,,,,,,,,-15.258566424088386,77.5088044950491,113.70328416515284,-75.69909050002848
178,2023-10-25 00:29:00,109.04,108.99,109.04,108.9,38969,1698164940,,,,,,,,,,,-15.015187982375267,77.5088044950491,113.70328416515284,-74.36263048909713
179,2023-10-25 00:30:00,108.97,108.98,109.03,108.96,15842,1698165000,,,,,,,,,,,-14.870765136437676,75.93733983507167,114.00113081388058,-72.49384143954518
180,2023-10-25 00:31:00,109.01,108.96,109.01,108.93,26949,1698165060,,,,,,,,,,,-14.98701264929619,75.93733983507167,114.00113081388058,-71.41561673597653
181,2023-10-25 00:32:00,108.96,109.055,109.055,108.94,19590,1698165120,,,,,,,,,,,-13.384137340080542,75.93733983507167,114.00113081388058,-71.76187396228956
182,2023-10-25 00:33:00,109.1,108.82,109.1,108.82,28520,1698165180,,,,,,,,,,,-14.500221645504212,75.93733983507167,114.00113081388058,-63.25393606330077
183,2023-10-25 00:34:00,108.88,108.92,108.92,108.88,2406,1698165240,,,,,,,,,,,-13.822025330786268,75.93733983507167,114.00113081388058,-71.75216041952022
184,2023-10-25 00:35:00,108.9,108.92,108.95,108.88,15065,1698165300,,,,,,,,,,,-13.132926405443044,74.37800255502364,114.00113081388058,-69.13015371562386
185,2023-10-25 00:36:00,108.84,108.85,108.89,108.84,9517,1698165360,,,,,,,,,,,-13.54758178393601,74.37800255502364,114.00113081388058,-66.67115056374772
186,2023-10-25 00:37:00,108.83,108.89,108.92,108.83,13479,1698165420,,,,,,,,,,,-13.203122480082797,74.37800255502364,114.00113081388058,-71.00162009760776
187,2023-10-25 00:38:00,108.765,108.78,108.8,108.74,12565,1698165480,,,,,,,,,,,-13.33385188620057,74.37800255502364,114.00113081388058,-70.37620233959782
188,2023-10-25 00:39:00,108.8,108.7,108.81,108.7,7385,1698165540,,,,,,,,,,,-13.96953371430633,74.37800255502364,114.00113081388058,-72.19805072791911
189,2023-10-25 00:40:00,108.7,108.69,108.721,108.62,18671,1698165600,,,,,,,,,,,-13.509041399415679,72.36485700065828,114.00113081388058,-75.19866915425419
190,2023-10-25 00:41:00,108.63,108.6,108.63,108.59,11666,1698165660,,,,,,,,,,,-13.844694631090107,72.36485700065828,114.00113081388058,-73.81056972479564
191,2023-10-25 00:42:00,108.6,108.49,108.6,108.49,9571,1698165720,,,,,,,,,,,-14.205635215356757,72.36485700065828,114.00113081388058,-75.59141986294058
192,2023-10-25 00:43:00,108.49,108.47,108.49,108.44,7623,1698165780,,,,,,,,,,,-14.0951939117239,72.36485700065828,114.00113081388058,-76.94395829065697
193,2023-10-25 00:44:00,108.46,108.43,108.46,108.36,16856,1698165840,,,,,,,,,,,-13.486184124764975,72.36485700065828,114.00113081388058,-76.79194308008503
194,2023-10-25 00:45:00,108.41,108.53,108.57,108.41,32019,1698165900,,,,,,,,,,,-11.729230503293156,70.14311910757368,114.00113081388058,-75.17004270478486
195,2023-10-25 00:46:00,108.59,108.69,108.69,108.59,47705,1698165960,,,,,,,,,1.0,,-8.135320409469756,70.14311910757368,114.00113081388058,-65.97799522440259
196,2023-10-25 00:47:00,108.63,108.65,108.67,108.63,17437,1698166020,,,,,,,,,,,-5.099740556515005,70.14311910757368,114.00113081388058,36.759189017097704
197,2023-10-25 00:48:00,108.64,108.58,108.64,108.58,3700,1698166080,,,,,,,,,,,-2.8804001688512315,70.14311910757368,114.00113081388058,65.15988111879108
198,2023-10-25 00:49:00,108.555,108.66,108.69,108.52,28897,1698166140,,,,,,,,,,,0.4571410491295609,70.14311910757368,114.00113081388058,64.95680410792531
199,2023-10-25 00:50:00,108.66,108.62,108.68,108.615,6461,1698166200,,,,,,,,,,,3.0939982927913405,68.42676672659366,114.00113081388058,71.48275738458787
200,2023-10-25 00:51:00,108.62,108.6,108.65,108.57,4977,1698166260,,,,,,,,,,,5.479825940517998,68.42676672659366,114.00113081388058,71.2854340611483
201,2023-10-25 00:52:00,108.59,108.7,108.7,108.59,18354,1698166320,,,,,,,,,,,9.5885444239019,68.42676672659366,114.00113081388058,69.21430560214114
202,2023-10-25 00:53:00,108.73,108.67,108.73,108.65,27671,1698166380,,,,,,,,,,,13.177902137375973,68.42676672659366,114.00113081388058,73.72453570494737
203,2023-10-25 00:54:00,108.65,108.82,108.82,108.65,20004,1698166440,,,,,,,,,,,19.87412530090205,68.42676672659366,114.00113081388058,73.94229100193253
204,2023-10-25 00:55:00,108.82,108.74,108.82,108.74,5774,1698166500,,,,,,,,,,,24.191747190213356,67.2465389138865,114.00113081388058,78.38394623598793
205,2023-10-25 00:56:00,108.7,108.77,108.77,108.7,8871,1698166560,,,,,,,,,,,29.20806425028931,67.2465389138865,114.00113081388058,78.03626245736771
206,2023-10-25 00:57:00,108.775,108.85,108.85,108.775,4044,1698166620,,,,,,,,,,,35.41481453987495,67.2465389138865,114.00113081388058,78.09466881251085
207,2023-10-25 00:58:00,108.85,108.84,108.89,108.84,6163,1698166680,,,,,,,,,,,40.6948358462887,67.2465389138865,114.00113081388058,79.2590525491429
208,2023-10-25 00:59:00,108.89,108.87,108.89,108.87,3309,1698166740,,,,,,,,,,,46.281271228068675,67.2465389138865,114.00113081388058,79.28556633338043
209,2023-10-25 01:00:00,108.87,108.87,108.88,108.86,6093,1698166800,,,,,,,,,,,51.92531595518336,66.57375248899686,113.91511627160556,79.37032422091669
210,2023-10-25 01:01:00,108.87,108.92,108.92,108.87,4429,1698166860,,,,,,,,,,,58.08890462433573,66.57375248899686,113.91511627160556,79.0214421496951
211,2023-10-25 01:02:00,108.92,108.9,108.92,108.87,5959,1698166920,,,,,,,,,,,63.535833024842276,66.57375248899686,113.91511627160556,79.15563218096777
212,2023-10-25 01:03:00,108.9,108.93,108.93,108.9,4799,1698166980,,,,,,,,,,,69.05460845211687,66.57375248899686,113.91511627160556,78.54155153467089
213,2023-10-25 01:04:00,108.94,108.94,108.97,108.94,2362,1698167040,,,,,,,,,,,74.1323662528448,66.57375248899686,113.91511627160556,78.20904591172197
214,2023-10-25 01:05:00,108.9,108.94,108.94,108.9,11420,1698167100,,,,,,,,,,,78.56095664402041,66.18931939688932,113.91511627160556,77.74763054521372
215,2023-10-25 01:06:00,108.945,108.95,108.96,108.945,4534,1698167160,,,,,,,,,,,82.65256371599929,66.18931939688932,113.91511627160556,77.0390011118756
216,2023-10-25 01:07:00,108.95,108.975,108.99,108.95,8335,1698167220,,,,,,,,,,,86.81050233211303,66.18931939688932,113.91511627160556,76.32914504309686
217,2023-10-25 01:08:00,108.96,109.08,109.08,108.96,161550,1698167280,,,,,,,,,,,93.00774336615731,66.18931939688932,113.91511627160556,75.8936182440636
218,2023-10-25 01:09:00,109.08,109.07,109.13,109.07,12453,1698167340,,,,,,,,,,,98.16024930824102,66.18931939688932,113.91511627160556,76.93817341441735
219,2023-10-25 01:10:00,109.12,109.13,109.13,109.11,6451,1698167400,,,,,,,,,,,104.11137660874286,66.39223512646419,113.91511627160556,76.9189237762627
220,2023-10-25 01:11:00,109.13,109.13,109.13,109.065,10640,1698167460,,,,,,,,,,,109.27719693891889,66.39223512646419,113.91511627160556,77.29893542795655
221,2023-10-25 01:12:00,109.02,108.995,109.02,108.955,18896,1698167520,,,,,,,,,,,110.38531908949459,66.39223512646419,113.91511627160556,77.08768101611415
222,2023-10-25 01:13:00,108.98,108.77,108.98,108.77,11638,1698167580,,,,,,,,,,,105.64212197126042,66.39223512646419,113.91511627160556,74.46854769940215
223,2023-10-25 01:14:00,108.77,108.9,108.92,108.77,5560,1698167640,,,,,,,,,,,104.50395318048568,66.39223512646419,113.91511627160556,64.85086946651631
224,2023-10-25 01:15:00,108.9,108.93,108.96,108.9,6415,1698167700,,,,,,,,,,,104.10429674266348,66.04562331044369,113.91511627160556,60.159621008845605
225,2023-10-25 01:16:00,108.93,108.96,108.98,108.93,6015,1698167760,,,,,,,,,,,104.36705888934152,66.04562331044369,113.91511627160556,57.83077536094196
226,2023-10-25 01:17:00,108.96,109.04,109.04,108.96,5309,1698167820,,,,,,,,,,,106.46399065171907,66.04562331044369,113.91511627160556,57.63595880416736
227,2023-10-25 01:18:00,108.96,108.962,109.01,108.96,6769,1698167880,,,,,,,,,,,106.27404357394815,66.04562331044369,113.91511627160556,61.501516340290124
228,2023-10-25 01:19:00,108.962,109.02,109.04,108.962,3625,1698167940,,,,,,,,,,,107.42326246844074,66.04562331044369,113.91511627160556,58.953002045917465
229,2023-10-25 01:20:00,108.98,108.945,109.0,108.94,7356,1698168000,,,,,,,,,,,106.4664036139305,56.63362176115649,113.91511627160556,59.959962850135135
230,2023-10-25 01:21:00,108.97,108.99,109.01,108.97,4171,1698168060,,,,,,,,,,,106.61423467248522,56.63362176115649,113.91511627160556,55.505331666617494
231,2023-10-25 01:22:00,108.99,108.97,108.99,108.95,8149,1698168120,,,,,,,,,,,106.13641477441469,56.63362176115649,113.91511627160556,56.24681138865441
232,2023-10-25 01:23:00,108.96,109.07,109.07,108.96,17665,1698168180,,,,,,,,,,,108.08251798715273,56.63362176115649,113.91511627160556,57.63336171474823
233,2023-10-25 01:24:00,109.095,109.14,109.16,109.095,7550,1698168240,,,,,,,,,,,110.71863549374058,56.63362176115649,113.91511627160556,66.76690929297514
234,2023-10-25 01:25:00,109.15,109.06,109.15,109.06,6350,1698168300,,,,,,,,,,,111.04512614172943,49.09668968452098,113.91511627160556,72.35915857115184
235,2023-10-25 01:26:00,109.07,109.12,109.12,109.07,3477,1698168360,,,,,,,,,,,112.65822410112543,49.09668968452098,113.91511627160556,73.41162606451589
236,2023-10-25 01:27:00,109.12,109.09,109.15,109.09,7836,1698168420,,,,,,,,,,,113.26826399419426,49.09668968452098,113.91511627160556,75.71879974924106
237,2023-10-25 01:28:00,109.104,109.15,109.155,109.104,2370,1698168480,,,,,,,,,,,115.13515090551567,49.09668968452098,113.91511627160556,76.39073194925233
238,2023-10-25 01:29:00,109.17,109.2,109.2,109.15,8898,1698168540,,,,,,,,,,,116.92748283313094,49.09668968452098,113.91511627160556,77.93753315173863
239,2023-10-25 01:30:00,109.18,109.15,109.18,109.15,5034,1698168600,,,,,,,,,,,117.00834107486976,43.06803679177142,114.1890480749301,79.36627774994967
240,2023-10-25 01:31:00,109.15,109.265,109.265,109.15,10812,1698168660,,,,,,,,,,,118.37573398028174,43.06803679177142,114.1890480749301,79.19689753187419
241,2023-10-25 01:32:00,109.285,109.285,109.29,109.27,6984,1698168720,,,,,,,,,,,119.36111708054096,43.06803679177142,114.1890480749301,79.93445498555901
242,2023-10-25 01:33:00,109.305,109.26,109.397,109.26,8284,1698168780,,,,,,,,,,,117.26922783188192,43.06803679177142,114.1890480749301,79.89116122697119
243,2023-10-25 01:34:00,109.26,109.28,109.3,109.26,9156,1698168840,,,,,,,,,,,115.5824607722856,43.06803679177142,114.1890480749301,78.46728301558089
244,2023-10-25 01:35:00,109.27,109.23,109.28,109.23,11572,1698168900,,,,,,,,,,,112.8255179197651,38.32388153337715,114.1890480749301,77.2317789076155
245,2023-10-25 01:36:00,109.225,109.22,109.225,109.16,7340,1698168960,,,,,,,,,,,109.94470352932026,38.32388153337715,114.1890480749301,75.35997017939287
246,2023-10-25 01:37:00,109.24,109.21,109.24,109.21,28280,1698169020,,,,,,,,,,,106.70099765078433,38.32388153337715,114.1890480749301,73.36877038503755
247,2023-10-25 01:38:00,109.24,109.29,109.29,109.22,24746,1698169080,,,,,,,,,,,105.78103269268061,38.32388153337715,114.1890480749301,71.23873738838765
248,2023-10-25 01:39:00,109.26,109.14,109.26,109.14,6968,1698169140,,,,,,,,,,,100.58104573952627,38.32388153337715,114.1890480749301,70.7959755175439
249,2023-10-25 01:40:00,109.123,109.235,109.235,109.123,4491,1698169200,,,,,,,,,,,98.48963425204164,34.20013157920843,114.1890480749301,66.56243648529819
250,2023-10-25 01:41:00,109.16,109.13,109.16,109.13,5899,1698169260,,,,,,,,,,,92.87486482947034,34.20013157920843,114.1890480749301,65.45663009178355
251,2023-10-25 01:42:00,109.12,109.07,109.12,109.07,5552,1698169320,,,,,,,,,,,85.99736857480639,34.20013157920843,114.1890480749301,60.526237395863866
252,2023-10-25 01:43:00,109.12,109.08,109.12,109.05,4290,1698169380,,,,,,,,,,,80.14154989804197,34.20013157920843,114.1890480749301,52.64537063918414
253,2023-10-25 01:44:00,109.07,109.04,109.07,109.02,4962,1698169440,,,,,,,,,,,73.68482814995778,34.20013157920843,114.1890480749301,45.86486133365781
254,2023-10-25 01:45:00,109.03,109.05,109.05,109.03,2920,1698169500,,,,,,,,,,,68.22900793861186,29.286122029792523,114.1890480749301,36.12611643152047
255,2023-10-25 01:46:00,109.04,109.02,109.04,109.02,4476,1698169560,,,,,,,,,,,62.457211054754055,29.286122029792523,114.1890480749301,29.108935359084725
256,2023-10-25 01:47:00,109.03,109.0,109.05,109.0,9968,1698169620,,,,,,,,,,,56.71935293685672,29.286122029792523,114.1890480749301,19.720238483737184
257,2023-10-25 01:48:00,108.97,109.05,109.05,108.97,8298,1698169680,,,,,,,,,,,53.15600086089671,29.286122029792523,114.1890480749301,9.91418068385861
258,2023-10-25 01:49:00,109.05,109.11,109.11,109.05,8544,1698169740,,,,,,,,,,,51.842966830355124,29.286122029792523,114.1890480749301,10.718496976902477
259,2023-10-25 01:50:00,109.1,109.1,109.1,109.04,3774,1698169800,,,,,,,,,,,50.40495925790094,25.344540760739733,114.1890480749301,19.49804497094864
260,2023-10-25 01:51:00,109.1,109.12,109.12,109.1,5602,1698169860,,,,,,,,,,,49.77179579131439,25.344540760739733,114.1890480749301,22.98426371782927
261,2023-10-25 01:52:00,109.12,109.14,109.14,109.1,2075,1698169920,,,,,,,,,,,49.85673188419457,25.344540760739733,114.1890480749301,27.132261343276955
262,2023-10-25 01:53:00,109.18,109.15,109.18,109.14,7191,1698169980,,,,,,,,,,,50.276209434680936,25.344540760739733,114.1890480749301,31.376739775555297
263,2023-10-25 01:54:00,109.19,109.2,109.2,109.15,4229,1698170040,,,,,,,,,,,52.2115434897496,25.344540760739733,114.1890480749301,34.38489032414655
264,2023-10-25 01:55:00,109.185,109.18,109.185,109.15,4656,1698170100,,,,,,,,,,,53.360580774367264,22.679056581433287,114.1890480749301,40.232084695573604
265,2023-10-25 01:56:00,109.18,109.133,109.23,109.133,8626,1698170160,,,,,,,,,,,52.98241600977869,22.679056581433287,114.1890480749301,41.25503872898005
266,2023-10-25 01:57:00,109.13,109.08,109.13,109.08,7214,1698170220,,,,,,,,,,,51.059372245199995,22.679056581433287,114.1890480749301,37.18963486014175
267,2023-10-25 01:58:00,109.09,109.06,109.09,109.06,5675,1698170280,,,,,,,,,,,48.76739336365242,22.679056581433287,114.1890480749301,28.225442002091036
268,2023-10-25 01:59:00,109.015,109.08,109.09,109.015,8447,1698170340,,,,,,,,,,,44.84190482223838,22.679056581433287,114.1890480749301,18.701290202481587
269,2023-10-25 02:00:00,109.11,109.09,109.11,109.07,4363,1698170400,,,,,,,,,,,41.01021142316367,19.73596107336769,114.17800232504739,14.490890268948144
270,2023-10-25 02:01:00,109.1,109.12,109.15,109.1,5200,1698170460,,,,,,,,,,,38.622033585722676,19.73596107336769,114.17800232504739,12.869910674105094
271,2023-10-25 02:02:00,109.13,109.19,109.23,109.13,6946,1698170520,,,,,,,,,,,39.47237022949636,19.73596107336769,114.17800232504739,15.648539427164325
272,2023-10-25 02:03:00,109.185,109.175,109.235,109.15,7303,1698170580,,,,,,,,,,,39.65352734752423,19.73596107336769,114.17800232504739,25.68421933831661
273,2023-10-25 02:04:00,109.19,109.24,109.24,109.19,3094,1698170640,,,,,,,,,,,42.581851620591635,19.73596107336769,114.17800232504739,29.24493858732798
274,2023-10-25 02:05:00,109.25,109.24,109.25,109.2,4782,1698170700,,,,,,,,,,,45.088372868529106,18.309477161054986,114.17800232504739,36.43192761249401
275,2023-10-25 02:06:00,109.285,109.27,109.285,109.25,5755,1698170760,,,,,,,,,,,48.64240554963344,18.309477161054986,114.17800232504739,38.065427887509216
276,2023-10-25 02:07:00,109.25,109.27,109.27,109.22,10027,1698170820,,,,,,,,,,,51.716093727316874,18.309477161054986,114.17800232504739,41.37279675850388
277,2023-10-25 02:08:00,109.285,109.29,109.29,109.28,10710,1698170880,,,,,,,,,,,55.24411235118785,18.309477161054986,114.17800232504739,42.698104428797144
278,2023-10-25 02:09:00,109.28,109.25,109.29,109.25,6468,1698170940,,,,,,,,,,,56.61468428660322,18.309477161054986,114.17800232504739,44.5803899641876
279,2023-10-25 02:10:00,109.28,109.305,109.305,109.26,5195,1698171000,,,,,,,,,,,60.31004141622515,17.612475081373844,114.17800232504739,40.934771937912124
280,2023-10-25 02:11:00,109.3,109.17,109.3,109.17,8639,1698171060,,,,,,,,,,,57.56759479855748,17.612475081373844,114.17800232504739,43.15483837739464
281,2023-10-25 02:12:00,109.21,109.15,109.21,109.15,6377,1698171120,,,,,,,,,,,54.235799791481696,17.612475081373844,114.17800232504739,28.98194349589616
282,2023-10-25 02:13:00,109.175,109.18,109.21,109.175,4293,1698171180,,,,,,,,,,,52.62244278660896,17.612475081373844,114.17800232504739,10.650432829781506
283,2023-10-25 02:14:00,109.16,109.18,109.18,109.13,3518,1698171240,,,,,,,,,,,51.201731284952004,17.612475081373844,114.17800232504739,2.9311038648346814
284,2023-10-25 02:15:00,109.22,109.23,109.24,109.22,4243,1698171300,,,,,,,,,,,52.19298471971274,16.538035636834564,114.17800232504739,-4.8820014906684
285,2023-10-25 02:16:00,109.255,109.28,109.3,109.255,6378,1698171360,,,,,,,,,,,55.33296471436962,16.538035636834564,114.17800232504739,0.01728989862470196
286,2023-10-25 02:17:00,109.25,109.25,109.26,109.245,4948,1698171420,,,,,,,,,,,56.80227545888994,16.538035636834564,114.17800232504739,10.233491964769465
287,2023-10-25 02:18:00,109.2,109.14,109.2,109.14,8092,1698171480,,,,,,,,,,,55.287492445779534,16.538035636834564,114.17800232504739,10.041137298145768
288,2023-10-25 02:19:00,109.16,109.19,109.2,109.16,14589,1698171540,,,,,,,,,,,56.800169558745594,16.538035636834564,114.17800232504739,-13.71930314029576
289,2023-10-25 02:20:00,109.2,109.22,109.23,109.19,4754,1698171600,,,,,,,,,,,59.868750950920344,15.6036464290259,114.17800232504739,-17.611652372698032
290,2023-10-25 02:21:00,109.22,109.21,109.22,109.19,5456,1698171660,,,,,,,,,,,62.03693698928339,15.6036464290259,114.17800232504739,-13.760723479818271
291,2023-10-25 02:22:00,109.22,109.25,109.25,109.2,2252,1698171720,,,,,,,,,,,66.2502798932639,15.6036464290259,114.17800232504739,-13.101078341491275
292,2023-10-25 02:23:00,109.23,109.24,109.24,109.22,8950,1698171780,,,,,,,,,,,69.4271190483033,15.6036464290259,114.17800232504739,-3.9077767937500965
293,2023-10-25 02:24:00,109.27,109.24,109.27,109.24,4061,1698171840,,,,,,,,,,,72.24414291614683,15.6036464290259,114.17800232504739,-0.06429401792196132
294,2023-10-25 02:25:00,109.35,109.32,109.37,109.32,5222,1698171900,,,,,,,,,,,76.05444473088247,15.925971294436977,114.17800232504739,2.36849703371598
295,2023-10-25 02:26:00,109.34,109.34,109.35,109.31,4329,1698171960,,,,,,,,,,,80.38006566847098,15.925971294436977,114.17800232504739,20.460171068968496
296,2023-10-25 02:27:00,109.345,109.38,109.4,109.345,2121,1698172020,,,,,,,,,,,84.74647294891001,15.925971294436977,114.17800232504739,33.026272957090214
297,2023-10-25 02:28:00,109.4,109.37,109.4,109.36,11608,1698172080,,,,,,,,,,,88.15277602102789,15.925971294436977,114.17800232504739,43.51572392667853
298,2023-10-25 02:29:00,109.35,109.31,109.36,109.31,7243,1698172140,,,,,,,,,,,88.47502438515245,15.925971294436977,114.17800232504739,47.11596600516936
299,2023-10-25 02:30:00,109.31,109.36,109.36,109.31,4265,1698172200,,,,,,,,,,,90.93615959593063,19.657697186903235,114.50732462747247,42.312709170080105
300,2023-10-25 02:31:00,109.37,109.29,109.37,109.27,8671,1698172260,,,,,,,,,,,89.96791077875409,19.657697186903235,114.50732462747247,44.18961955294489
301,2023-10-25 02:32:00,109.29,109.28,109.29,109.22,8151,1698172320,,,,,,,,,,,88.61090600411299,19.657697186903235,114.50732462747247,36.360909214949864
302,2023-10-25 02:33:00,109.29,109.42,109.42,109.29,17950,1698172380,,,,,,,,,,,92.68872458821107,19.657697186903235,114.50732462747247,28.370887825197027
303,2023-10-25 02:34:00,109.47,109.42,109.47,109.42,7752,1698172440,,,,,,,,,,,94.173330123178,19.657697186903235,114.50732462747247,39.92282078364463
304,2023-10-25 02:35:00,109.449,109.28,109.449,109.28,17792,1698172500,,,,,,,,,,,89.5633008816865,22.911724170811297,114.50732462747247,38.9068762221071
305,2023-10-25 02:36:00,109.28,109.33,109.33,109.28,6650,1698172560,,,,,,,,,,,87.50836843082064,22.911724170811297,114.50732462747247,10.601564199714069
306,2023-10-25 02:37:00,109.35,109.37,109.37,109.34,9932,1698172620,,,,,,,,,,,87.31715784616406,22.911724170811297,114.50732462747247,-0.5301227911679358
307,2023-10-25 02:38:00,109.35,109.39,109.39,109.35,7316,1698172680,,,,,,,,,,,87.94932911102669,22.911724170811297,114.50732462747247,1.9450706711927646
308,2023-10-25 02:39:00,109.385,109.37,109.395,109.37,7160,1698172740,,,,,,,,,,,87.63538614306523,22.911724170811297,114.50732462747247,8.197636601453391
309,2023-10-25 02:40:00,109.37,109.3,109.37,109.29,5989,1698172800,,,,,,,,,,,84.37900973693158,26.119655155620478,114.50732462747247,7.264342841579933
310,2023-10-25 02:41:00,109.32,109.3,109.33,109.3,9677,1698172860,,,,,,,,,,,81.4457145249238,26.119655155620478,114.50732462747247,-10.760449356568193
311,2023-10-25 02:42:00,109.28,109.3,109.31,109.28,4438,1698172920,,,,,,,,,,,78.80689579851892,26.119655155620478,114.50732462747247,-21.200344913660793
312,2023-10-25 02:43:00,109.31,109.283,109.31,109.283,9611,1698172980,,,,,,,,,,,75.72228537987084,26.119655155620478,114.50732462747247,-27.56372279466878
313,2023-10-25 02:44:00,109.29,109.275,109.29,109.27,5763,1698173040,,,,,,,,,,,71.49827612973326,26.119655155620478,114.50732462747247,-34.61911389200218
314,2023-10-25 02:45:00,109.28,109.31,109.31,109.28,7309,1698173100,,,,,,,,,,,68.78110480255015,29.16373115628393,114.50732462747247,-39.495229878367866
315,2023-10-25 02:46:00,109.31,109.26,109.33,109.22,11667,1698173160,,,,,,,,,,,62.82104781741532,29.16373115628393,114.50732462747247,-36.5095976904466
316,2023-10-25 02:47:00,109.26,109.31,109.31,109.26,6518,1698173220,,,,,,,,,,,60.33036345470515,29.16373115628393,114.50732462747247,-42.07829643589135
317,2023-10-25 02:48:00,109.3,109.26,109.3,109.26,6280,1698173280,,,,,,,,,,,55.31740228469744,29.16373115628393,114.50732462747247,-37.42255288381003
318,2023-10-25 02:49:00,109.26,109.27,109.27,109.26,3256,1698173340,,,,,,,,,,,51.43672713246022,29.16373115628393,114.50732462747247,-41.8777128416455
319,2023-10-25 02:50:00,109.24,109.26,109.27,109.24,10846,1698173400,,,,,,,,,,,47.44853524526951,31.365522680291406,114.50732462747247,-42.6745463791469
320,2023-10-25 02:51:00,109.26,109.22,109.26,109.21,17033,1698173460,,,,,,,,,,,41.68506322767735,31.365522680291406,114.50732462747247,-44.20000293228963
321,2023-10-25 02:52:00,109.23,109.17,109.23,109.17,8318,1698173520,,,,,,,,,,,33.78636130938011,31.365522680291406,114.50732462747247,-49.77486923960586
322,2023-10-25 02:53:00,109.21,109.25,109.25,109.19,7134,1698173580,,,,,,,,,,,31.304572307020265,31.365522680291406,114.50732462747247,-57.08305416870487
323,2023-10-25 02:54:00,109.25,109.245,109.28,109.23,6492,1698173640,,,,,,,,,,,28.879343892619943,31.365522680291406,114.50732462747247,-53.92826411962635
324,2023-10-25 02:55:00,109.26,109.27,109.29,109.26,7425,1698173700,,,,,,,,,,,28.19390338988572,33.499147106536014,114.50732462747247,-51.709254500808164
325,2023-10-25 02:56:00,109.26,109.23,109.26,109.23,5419,1698173760,,,,,,,,,,,25.406142837536294,33.499147106536014,114.50732462747247,-46.517508191020006
326,2023-10-25 02:57:00,109.27,109.24,109.27,109.24,9705,1698173820,,,,,,,,,,,23.557587912394197,33.499147106536014,114.50732462747247,-47.84633592147229
327,2023-10-25 02:58:00,109.25,109.23,109.25,109.22,7378,1698173880,,,,,,,,,,,21.424290133287784,33.499147106536014,114.50732462747247,-46.95899261774777
328,2023-10-25 02:59:00,109.23,109.215,109.28,109.2,9791,1698173940,,,,,,,,,,,18.323969932343203,33.499147106536014,114.50732462747247,-47.360080282454454
329,2023-10-25 03:00:00,109.23,109.22,109.29,109.215,13033,1698174000,,,,,,,,,,,15.932379081504308,34.87788828859348,114.40857430517009,-49.23051438345749
330,2023-10-25 03:01:00,109.23,109.24,109.32,109.23,8819,1698174060,,,,,,,,,,,15.044220410404321,34.87788828859348,114.40857430517009,-49.37567753874096
331,2023-10-25 03:02:00,109.29,109.32,109.32,109.29,7979,1698174120,,,,,,,,,,,18.971349089432124,34.87788828859348,114.40857430517009,-46.29489780045539
332,2023-10-25 03:03:00,109.27,109.18,109.27,109.15,21104,1698174180,,,,,,,,,,,13.917845894281157,34.87788828859348,114.40857430517009,-27.41378236235957
333,2023-10-25 03:04:00,109.19,109.19,109.2,109.17,7564,1698174240,,,,,,,,,,,10.092714906974535,34.87788828859348,114.40857430517009,-43.09449850122511
334,2023-10-25 03:05:00,109.19,109.1,109.19,109.1,8468,1698174300,,,,,,,,,,,4.382410958445746,34.77609773364421,114.40857430517009,-48.662702351417764
335,2023-10-25 03:06:00,109.1,109.13,109.13,109.06,8611,1698174360,,,,,,,,,,,2.651496987749127,34.77609773364421,114.40857430517009,-60.32460188942874
336,2023-10-25 03:07:00,109.14,109.14,109.17,109.13,9675,1698174420,,,,,,,,,,,1.6738995844955866,34.77609773364421,114.40857430517009,-63.12779145555382
337,2023-10-25 03:08:00,109.18,109.19,109.21,109.18,8926,1698174480,,,,,,,,,,,3.232208244060857,34.77609773364421,114.40857430517009,-63.89205770294091
338,2023-10-25 03:09:00,109.18,109.21,109.23,109.18,7769,1698174540,,,,,,,,,,,5.64847359368234,34.77609773364421,114.40857430517009,-62.63554136772512
339,2023-10-25 03:10:00,109.21,109.2,109.23,109.2,4497,1698174600,,,,,,,,,,,7.424681824817412,35.878211761195374,114.40857430517009,-59.620186835165796
340,2023-10-25 03:11:00,109.205,109.21,109.23,109.2,8417,1698174660,,,,,,,,,,,9.556844143579482,35.878211761195374,114.40857430517009,-58.03614190423589
341,2023-10-25 03:12:00,109.19,109.175,109.21,109.17,6647,1698174720,,,,,,,,,,,9.902884878938465,35.878211761195374,114.40857430517009,-55.33898101895926
342,2023-10-25 03:13:00,109.17,109.17,109.17,109.12,7365,1698174780,,,,,,,,,,,10.051910902711924,35.878211761195374,114.40857430517009,-57.47740083982088
343,2023-10-25 03:14:00,109.18,109.16,109.18,109.13,8733,1698174840,,,,,,,,,,,9.790170499463159,35.878211761195374,114.40857430517009,-59.01660311435313
344,2023-10-25 03:15:00,109.18,109.16,109.18,109.16,4765,1698174900,,,,,,,,,,,9.62705474109076,36.44391524913301,114.40857430517009,-60.70044085258793
345,2023-10-25 03:16:00,109.17,109.15,109.17,109.13,7583,1698174960,,,,,,,,,,,9.08445230437951,36.44391524913301,114.40857430517009,-61.46876885376227
346,2023-10-25 03:17:00,109.16,109.18,109.195,109.16,3717,1698175020,,,,,,,,,,,10.06734490861902,36.44391524913301,114.40857430517009,-62.62934822031778
347,2023-10-25 03:18:00,109.17,109.16,109.19,109.15,4664,1698175080,,,,,,,,,,,10.076641800370865,36.44391524913301,114.40857430517009,-60.17454040187678
348,2023-10-25 03:19:00,109.12,109.16,109.17,109.12,9231,1698175140,,,,,,,,,,,10.399991856655745,36.44391524913301,114.40857430517009,-60.31098026414998
349,2023-10-25 03:20:00,109.09,109.065,109.09,109.065,8711,1698175200,,,,,,,,,,,6.122054998625856,35.897856009530116,114.40857430517009,-63.52811251089314
350,2023-10-25 03:21:00,109.1,109.05,109.1,109.03,11044,1698175260,,,,,,,,,,,3.1368647409348114,35.897856009530116,114.40857430517009,-71.58841373044528
351,2023-10-25 03:22:00,109.08,109.12,109.15,109.08,9290,1698175320,,,,,,,,,,,4.211988434504079,35.897856009530116,114.40857430517009,-74.22203482988063
352,2023-10-25 03:23:00,109.12,109.05,109.12,109.05,5914,1698175380,,,,,,,,,,,1.5742651256373108,35.897856009530116,114.40857430517009,-73.00750048405199
353,2023-10-25 03:24:00,109.06,109.01,109.07,109.01,17606,1698175440,,,,,,,,,,,-1.753312740873156,35.897856009530116,114.40857430517009,-74.90494655006795
354,2023-10-25 03:25:00,109.02,109.02,109.02,109.0,22109,1698175500,,,,,,,,,,,-3.4859611341583303,34.93430338354979,114.40857430517009,-76.56449255760175
355,2023-10-25 03:26:00,109.01,109.01,109.02,109.0,18279,1698175560,,,,,,,,,,,-5.5319857927896265,34.93430338354979,114.40857430517009,-76.98810890064586
356,2023-10-25 03:27:00,109.02,108.99,109.02,108.99,9595,1698175620,,,,,,,,,,,-7.855370568664014,34.93430338354979,114.40857430517009,-77.50800133682677
357,2023-10-25 03:28:00,109.0,109.025,109.025,109.0,10005,1698175680,,,,,,,,,,,-7.877063842793163,34.93430338354979,114.40857430517009,-78.08665198073759
358,2023-10-25 03:29:00,109.06,109.067,109.07,109.05,5901,1698175740,,,,,,,,,,,-5.454415974577117,34.93430338354979,114.40857430517009,-77.55173274988935
359,2023-10-25 03:30:00,109.06,109.05,109.09,109.05,9542,1698175800,,,,,,,,,,,-4.174680610272638,34.46019893484501,113.8777993340679,-75.6392184809393
360,2023-10-25 03:31:00,109.05,108.95,109.06,108.95,11353,1698175860,,,,,,,,,,,-6.335452426158447,34.46019893484501,113.8777993340679,-74.62214958763776
361,2023-10-25 03:32:00,108.99,108.885,109.0,108.88,16789,1698175920,,,,,,,,,,,-7.972395480041683,34.46019893484501,113.8777993340679,-76.4123477830525
362,2023-10-25 03:33:00,108.89,108.9,108.95,108.89,13654,1698175980,,,,,,,,,,,-8.706356237169636,34.46019893484501,113.8777993340679,-77.27941217544095
363,2023-10-25 03:34:00,108.85,108.785,108.85,108.785,19829,1698176040,,,,,,,,,,,-10.155507539698966,34.46019893484501,113.8777993340679,-77.3934097032916
364,2023-10-25 03:35:00,108.8,108.68,108.8,108.68,15981,1698176100,,,,,,,,,,,-11.372743751948086,29.83131544597805,113.8777993340679,-78.01460559725723
365,2023-10-25 03:36:00,108.65,108.61,108.65,108.58,19670,1698176160,,,,,,,,,,,-11.607771438723844,29.83131544597805,113.8777993340679,-78.4112984070357
366,2023-10-25 03:37:00,108.61,108.655,108.67,108.61,13006,1698176220,,,,,,,,,,,-10.580736392629497,29.83131544597805,113.8777993340679,-78.11215021955712
367,2023-10-25 03:38:00,108.59,108.61,108.62,108.59,16516,1698176280,,,,,1.0,,,,,,-10.756166374515026,29.83131544597805,113.8777993340679,-76.8178773931895
368,2023-10-25 03:39:00,108.61,108.58,108.61,108.56,13932,1698176340,,,,,,,,,,,-11.115012977219486,29.83131544597805,113.8777993340679,-76.9256067773543
369,2023-10-25 03:40:00,108.568,108.53,108.568,108.53,9570,1698176400,,,,,,,,,,,-11.869436252518632,24.03015701294656,113.8777993340679,-77.23946525009427
370,2023-10-25 03:41:00,108.545,108.565,108.565,108.54,16128,1698176460,,,,,,,,,,,-11.62717490403955,24.03015701294656,113.8777993340679,-77.91860268810451
371,2023-10-25 03:42:00,108.565,108.61,108.615,108.565,20960,1698176520,,,,,,,,,,,-10.256163847090455,24.03015701294656,113.8777993340679,-77.50813566453596
372,2023-10-25 03:43:00,108.61,108.6,108.63,108.6,13818,1698176580,,,,,,,,,,,-9.213183698020543,24.03015701294656,113.8777993340679,-75.74371069937187
373,2023-10-25 03:44:00,108.62,108.65,108.65,108.62,21121,1698176640,,,,,,,,,,,-7.014739470715497,24.03015701294656,113.8777993340679,-74.51433996083007
374,2023-10-25 03:45:00,108.63,108.55,108.63,108.53,19249,1698176700,,,,,,,,,,,-7.4200910975074095,19.144844355056463,113.8777993340679,-70.453065987516
375,2023-10-25 03:46:00,108.555,108.56,108.6,108.53,17260,1698176760,,,,,,,,,,,-7.487054663895073,19.144844355056463,113.8777993340679,-73.43246840473564
376,2023-10-25 03:47:00,108.575,108.67,108.67,108.55,37230,1698176820,,,,,,,,,,,-4.605356715986844,19.144844355056463,113.8777993340679,-74.49393390332838
377,2023-10-25 03:48:00,108.6,108.555,108.625,108.54,44338,1698176880,,,,,,,,,,,-4.923601211618582,19.144844355056463,113.8777993340679,-67.69046263036587
378,2023-10-25 03:49:00,108.555,108.527,108.555,108.52,23575,1698176940,,,,,,,,,,,-5.657192117107574,19.144844355056463,113.8777993340679,-71.7057969832887
379,2023-10-25 03:50:00,108.53,108.51,108.53,108.485,39720,1698177000,,,,,,,,,,,-5.8138133351055,15.043121895762738,113.8777993340679,-74.62439633590229
380,2023-10-25 03:51:00,108.39,108.43,108.45,108.39,53395,1698177060,,,,,,,,,,,-5.64075394819892,15.043121895762738,113.8777993340679,-75.34491454568656
381,2023-10-25 03:52:00,108.45,108.545,108.56,108.45,35777,1698177120,,,,,,,,,,,-2.8273638382689548,15.043121895762738,113.8777993340679,-75.21702981962085
382,2023-10-25 03:53:00,108.55,108.56,108.56,108.52,30494,1698177180,,,,,,,,,,,0.05925803116499395,15.043121895762738,113.8777993340679,-66.72057458668641
383,2023-10-25 03:54:00,108.57,108.5,108.59,108.5,49434,1698177240,,,,,,,,,,,1.2984307710455205,15.043121895762738,113.8777993340679,-47.82842962509002
384,2023-10-25 03:55:00,108.49,108.525,108.525,108.47,51323,1698177300,,,,,,,,,,,2.9991012368988343,11.929998821305233,113.8777993340679,-45.63930996206222
385,2023-10-25 03:56:00,108.505,108.495,108.505,108.475,44634,1698177360,,,,,,,,,,,3.9143993087562237,11.929998821305233,113.8777993340679,-27.904174496340776
386,2023-10-25 03:57:00,108.5,108.505,108.52,108.5,94148,1698177420,,,,,,,,,,,5.03424312658813,11.929998821305233,113.8777993340679,-31.911027500624254
387,2023-10-25 03:58:00,108.485,108.455,108.485,108.455,54231,1698177480,,,,,,,,,,,4.863843633755149,11.929998821305233,113.8777993340679,-28.028606272369522
388,2023-10-25 03:59:00,108.44,108.435,108.455,108.425,100683,1698177540,,,,,,,,,,,4.254866263958899,11.929998821305233,113.8777993340679,-49.55443417604822
389,2023-10-25 04:00:00,108.44,108.34,109.98,108.3,1550697,1698177600,,,,,,,,,,,3.117016988142371,6.8453521841569795,111.9987630198078,-61.52463396517409
